shape_id,shape_pt_lat,shape_pt_lon,shape_pt_sequence
BLU1,57.050407,-135.332398,0
BLU1,57.050307,-135.332314,1
BLU1,57.050238,-135.332465,2
BLU1,57.050413,-135.332837,3
BLU1,57.050643,-135.332775,4
BLU1,57.051029,-135.332835,5
BLU1,57.051319,-135.332916,6
BLU1,57.051586,-135.33311,7
BLU1,57.051723,-135.333362,8
BLU1,57.052022,-135.334024,9
BLU1,57.052092,-135.334167,10
BLU1,57.052162,-135.334279,11
BLU1,57.052375,-135.334419,12
BLU1,57.052818,-135.334553,13
BLU1,57.053105,-135.334573,14
BLU1,57.053154,-135.334561,15
BLU1,57.053233,-135.334518,16
BLU1,57.053322,-135.334593,17
BLU1,57.053619,-135.334678,18
BLU1,57.055155,-135.335086,19
BLU1,57.05629,-135.335059,20
BLU1,57.056704,-135.335236,21
BLU1,57.056895,-135.333995,22
BLU1,57.05807,-135.334596,23
BLU1,57.06034,-135.335754,24
BLU1,57.061076,-135.337468,25
BLU1,57.061109,-135.341623,26
BLU1,57.061795,-135.341967,27
BLU1,57.06218,-135.34216,28
BLU1,57.062489,-135.34189,29
BLU1,57.062591,-135.341887,30
BLU1,57.062594,-135.341535,31
BLU1,57.062912,-135.341529,32
BLU1,57.062913,-135.34188,33
BLU2,57.062913,-135.34188,0
BLU2,57.062591,-135.341887,1
BLU2,57.062489,-135.34189,2
BLU2,57.06218,-135.34216,3
BLU2,57.061795,-135.341967,4
BLU2,57.061109,-135.341623,5
BLU2,57.060663,-135.341401,6
BLU2,57.058475,-135.336334,7
BLU2,57.058306,-135.336103,8
BLU2,57.058128,-135.335996,9
BLU2,57.056704,-135.335236,10
BLU2,57.05629,-135.335059,11
BLU2,57.055155,-135.335086,12
BLU2,57.053619,-135.334678,13
BLU2,57.053357,-135.334818,14
BLU2,57.053315,-135.334949,15
BLU2,57.053256,-135.335003,16
BLU2,57.053174,-135.334986,17
BLU2,57.053106,-135.334858,18
BLU2,57.053103,-135.334678,19
BLU2,57.053154,-135.334561,20
BLU2,57.053351,-135.334036,21
BLU2,57.053766,-135.330937,22
BLU2,57.054308,-135.326886,23
BLU2,57.054035,-135.324139,24
BLU2,57.053885,-135.321751,25
BLU2,57.053815,-135.321228,26
BLU2,57.053746,-135.320978,27
BLU2,57.05364,-135.320595,28
BLU2,57.0535,-135.320198,29
BLU2,57.053342,-135.319831,30
BLU2,57.052147,-135.317775,31
BLU2,57.049489,-135.313268,32
BLU2,57.048696,-135.311683,33
BLU2,57.048289,-135.310414,34
BLU2,57.047111,-135.304705,35
BLU2,57.04971,-135.30467,36
BLU2,57.049702,-135.306085,37
BLU2,57.04971,-135.30467,38
BLU2,57.047111,-135.304705,39
BLU2,57.046683,-135.302708,40
BLU2,57.04663,-135.302333,41
BLU2,57.046617,-135.301828,42
BLU2,57.046649,-135.301485,43
BLU2,57.046704,-135.301147,44
BLU2,57.047275,-135.29942,45
BLU2,57.04739,-135.298868,46
BLU2,57.047452,-135.298453,47
BLU2,57.0475,-135.29712,48
BLU2,57.047518,-135.296021,49
BLU2,57.047503,-135.295515,50
BLU2,57.047411,-135.294777,51
BLU2,57.04724,-135.294088,52
BLU2,57.047029,-135.29324,53
BLU2,57.046964,-135.292812,54
BLU2,57.046912,-135.292055,55
BLU2,57.046836,-135.290278,56
BLU2,57.046794,-135.289564,57
BLU2,57.046748,-135.289142,58
BLU2,57.04664,-135.288483,59
BLU2,57.046274,-135.286609,60
BLU2,57.046108,-135.28602,61
BLU2,57.045913,-135.285556,62
BLU2,57.044722,-135.283723,63
BLU2,57.043997,-135.282687,64
BLU2,57.043677,-135.282048,65
BLU2,57.04341,-135.281147,66
BLU2,57.043304,-135.280579,67
BLU2,57.043046,-135.279245,68
BLU2,57.042846,-135.278463,69
BLU2,57.042335,-135.276733,70
BLU2,57.041974,-135.27596,71
BLU2,57.041684,-135.275701,72
BLU2,57.041014,-135.275232,73
BLU2,57.040905,-135.275051,74
BLU2,57.040611,-135.274374,75
BLU2,57.040119,-135.272691,76
BLU2,57.039994,-135.271943,77
BLU2,57.040022,-135.271216,78
BLU2,57.040232,-135.270458,79
BLU2,57.040606,-135.269603,80
BLU2,57.040675,-135.269302,81
BLU2,57.040683,-135.268869,82
BLU2,57.040641,-135.268466,83
BLU2,57.040601,-135.268025,84
BLU2,57.040617,-135.2676,85
BLU2,57.040704,-135.267238,86
BLU2,57.04086,-135.266924,87
BLU2,57.04134,-135.266304,88
BLU2,57.041489,-135.265848,89
BLU2,57.041525,-135.265421,90
BLU2,57.041466,-135.264916,91
BLU2,57.041329,-135.264526,92
BLU2,57.039505,-135.259989,93
BLU2,57.038825,-135.257531,94
BLU2,57.038695,-135.257137,95
BLU2,57.038477,-135.256708,96
BLU2,57.038289,-135.256414,97
BLU2,57.03776,-135.255886,98
BLU2,57.03751,-135.255637,99
BLU2,57.03695,-135.255079,100
BLU2,57.035798,-135.254325,101
BLU2,57.034923,-135.253487,102
BLU2,57.034561,-135.253272,103
BLU2,57.03431,-135.253203,104
BLU2,57.033968,-135.253126,105
BLU2,57.033866,-135.253088,106
BLU2,57.033747,-135.253295,107
BLU2,57.033573,-135.253179,108
BLU2,57.033491,-135.253008,109
BLU3,57.033491,-135.253008,0
BLU3,57.033553,-135.252841,1
BLU3,57.033683,-135.253002,2
BLU3,57.033866,-135.253088,3
BLU3,57.033968,-135.253126,4
BLU3,57.03431,-135.253203,5
BLU3,57.034561,-135.253272,6
BLU3,57.034923,-135.253487,7
BLU3,57.035798,-135.254325,8
BLU3,57.03695,-135.255079,9
BLU3,57.03751,-135.255637,10
BLU3,57.037664,-135.255449,11
BLU3,57.037804,-135.255593,12
BLU3,57.03776,-135.255886,13
BLU3,57.038289,-135.256414,14
BLU3,57.038477,-135.256708,15
BLU3,57.038695,-135.257137,16
BLU3,57.038825,-135.257531,17
BLU3,57.039505,-135.259989,18
BLU3,57.041329,-135.264526,19
BLU3,57.041466,-135.264916,20
BLU3,57.041525,-135.265421,21
BLU3,57.041489,-135.265848,22
BLU3,57.04134,-135.266304,23
BLU3,57.04086,-135.266924,24
BLU3,57.040704,-135.267238,25
BLU3,57.040617,-135.2676,26
BLU3,57.040601,-135.268025,27
BLU3,57.040641,-135.268466,28
BLU3,57.040683,-135.268869,29
BLU3,57.040675,-135.269302,30
BLU3,57.040606,-135.269603,31
BLU3,57.040232,-135.270458,32
BLU3,57.040022,-135.271216,33
BLU3,57.039994,-135.271943,34
BLU3,57.040119,-135.272691,35
BLU3,57.040611,-135.274374,36
BLU3,57.040905,-135.275051,37
BLU3,57.041014,-135.275232,38
BLU3,57.041684,-135.275701,39
BLU3,57.041974,-135.27596,40
BLU3,57.042335,-135.276733,41
BLU3,57.042846,-135.278463,42
BLU3,57.043046,-135.279245,43
BLU3,57.043304,-135.280579,44
BLU3,57.043747,-135.280309,45
BLU3,57.043304,-135.280579,46
BLU3,57.04341,-135.281147,47
BLU3,57.043677,-135.282048,48
BLU3,57.043997,-135.282687,49
BLU3,57.044722,-135.283723,50
BLU3,57.045913,-135.285556,51
BLU3,57.046108,-135.28602,52
BLU3,57.046274,-135.286609,53
BLU3,57.04664,-135.288483,54
BLU3,57.046748,-135.289142,55
BLU3,57.046794,-135.289564,56
BLU3,57.046836,-135.290278,57
BLU3,57.046912,-135.292055,58
BLU3,57.046964,-135.292812,59
BLU3,57.047029,-135.29324,60
BLU3,57.04724,-135.294088,61
BLU3,57.047411,-135.294777,62
BLU3,57.047503,-135.295515,63
BLU3,57.047518,-135.296021,64
BLU3,57.0475,-135.29712,65
BLU3,57.047452,-135.298453,66
BLU3,57.04739,-135.298868,67
BLU3,57.047275,-135.29942,68
BLU3,57.046704,-135.301147,69
BLU3,57.046649,-135.301485,70
BLU3,57.046617,-135.301828,71
BLU3,57.04663,-135.302333,72
BLU3,57.046683,-135.302708,73
BLU3,57.047111,-135.304705,74
BLU3,57.04971,-135.30467,75
BLU3,57.049702,-135.306085,76
BLU3,57.04971,-135.30467,77
BLU3,57.047111,-135.304705,78
BLU3,57.048289,-135.310414,79
BLU3,57.048696,-135.311683,80
BLU3,57.049489,-135.313268,81
BLU3,57.052147,-135.317775,82
BLU3,57.053342,-135.319831,83
BLU3,57.0535,-135.320198,84
BLU3,57.05364,-135.320595,85
BLU3,57.053746,-135.320978,86
BLU3,57.053815,-135.321228,87
BLU3,57.053885,-135.321751,88
BLU3,57.054035,-135.324139,89
BLU3,57.052075,-135.324661,90
BLU3,57.052049,-135.324426,91
BLU3,57.051894,-135.324369,92
BLU3,57.051851,-135.323831,93
BLU3,57.051988,-135.323748,94
BLU3,57.052049,-135.324426,95
BLU3,57.052075,-135.324661,96
BLU3,57.050837,-135.325058,97
BLU3,57.050687,-135.324099,98
BLU3,57.050557,-135.323792,99
BLU3,57.050344,-135.323534,100
BLU3,57.049828,-135.323291,101
BLU3,57.049582,-135.323082,102
BLU3,57.048809,-135.322123,103
BLU3,57.048708,-135.321839,104
BLU3,57.048621,-135.320316,105
BLU3,57.048651,-135.320065,106
BLU3,57.049024,-135.319727,107
BLU3,57.049022,-135.31947,108
BLU3,57.049081,-135.319276,109
BLU3,57.04921,-135.319171,110
BLU3,57.049288,-135.319538,111
BLU3,57.049024,-135.319727,112
BLU3,57.048651,-135.320065,113
BLU3,57.048621,-135.320316,114
BLU3,57.048708,-135.321839,115
BLU3,57.048809,-135.322123,116
BLU3,57.049582,-135.323082,117
BLU3,57.049828,-135.323291,118
BLU3,57.050344,-135.323534,119
BLU3,57.050557,-135.323792,120
BLU3,57.050687,-135.324099,121
BLU3,57.050837,-135.325058,122
BLU3,57.051109,-135.32681,123
BLU3,57.051207,-135.327726,124
BLU3,57.051275,-135.328793,125
BLU3,57.051295,-135.329595,126
BLU3,57.051286,-135.330057,127
BLU3,57.051135,-135.331836,128
BLU3,57.05092,-135.331788,129
BLU3,57.050876,-135.332376,130
BLU3,57.050407,-135.332398,131
GRN2,57.05554,-135.311306,0
GRN2,57.055734,-135.311689,1
GRN2,57.055331,-135.312411,2
GRN2,57.055227,-135.312715,3
GRN2,57.055152,-135.313095,4
GRN2,57.055086,-135.313746,5
GRN2,57.054845,-135.31618,6
GRN2,57.054555,-135.317839,7
GRN2,57.054183,-135.319921,8
GRN2,57.053974,-135.321085,9
GRN2,57.053815,-135.321228,10
GRN2,57.053885,-135.321751,11
GRN2,57.054035,-135.324139,12
GRN2,57.054308,-135.326886,13
GRN2,57.053766,-135.330937,14
GRN2,57.051286,-135.330057,15
GRN2,57.051135,-135.331836,16
GRN2,57.05092,-135.331788,17
GRN2,57.050876,-135.332376,18
GRN2,57.050407,-135.332398,19
GRN2,57.050307,-135.332314,20
GRN2,57.050238,-135.332465,21
GRN2,57.050413,-135.332837,22
GRN2,57.050225,-135.333001,23
GRN2,57.050052,-135.333291,24
GRN2,57.049474,-135.334873,25
GRN2,57.049146,-135.335537,26
GRN2,57.048476,-135.336444,27
GRN2,57.048177,-135.336973,28
GRN2,57.048046,-135.337486,29
GRN2,57.047989,-135.337885,30
GRN2,57.047723,-135.343379,31
GRN2,57.047699,-135.344684,32
GRN2,57.047875,-135.345491,33
GRN2,57.048072,-135.345928,34
GRN2,57.048358,-135.346304,35
GRN2,57.048728,-135.346838,36
GRN2,57.048968,-135.347351,37
GRN2,57.049177,-135.34821,38
GRN2,57.049673,-135.347888,39
GRN2,57.050657,-135.349029,40
GRN2,57.050958,-135.349167,41
GRN2,57.05132,-135.349114,42
GRN2,57.051557,-135.349284,43
GRN2,57.052108,-135.350296,44
GRN2,57.052407,-135.350846,45
GRN2,57.052156,-135.351294,46
GRN2,57.051971,-135.350944,47
GRN2,57.051985,-135.350543,48
GRN2,57.052108,-135.350296,49
GRN2,57.051557,-135.349284,50
GRN2,57.05132,-135.349114,51
GRN2,57.050958,-135.349167,52
GRN2,57.050657,-135.349029,53
GRN2,57.049673,-135.347888,54
GRN2,57.049177,-135.34821,55
GRN2,57.04958,-135.350325,56
GRN2,57.049697,-135.351039,57
GRN2,57.049723,-135.351874,58
GRN2,57.049611,-135.35279,59
GRN2,57.049402,-135.353486,60
GRN2,57.049196,-135.353968,61
GRN2,57.049406,-135.35435,62
GRN2,57.049548,-135.355036,63
GRN2,57.049758,-135.355645,64
GRN2,57.050154,-135.356169,65
GRN2,57.050576,-135.356393,66
GRN2,57.051101,-135.356599,67
GRN2,57.051993,-135.356348,68
GRN2,57.051977,-135.356158,69
GRN2,57.051977,-135.355796,70
GRN2,57.052112,-135.355522,71
GRN2,57.052494,-135.355512,72
GRN2,57.052575,-135.355669,73
GRN2,57.05231,-135.356123,74
GRN2,57.052198,-135.356247,75
GRN2,57.051993,-135.356348,76
GRN2,57.051101,-135.356599,77
GRN2,57.050576,-135.356393,78
GRN2,57.050154,-135.356169,79
GRN2,57.049758,-135.355645,80
GRN2,57.049548,-135.355036,81
GRN2,57.049406,-135.35435,82
GRN2,57.049196,-135.353968,83
GRN2,57.049402,-135.353486,84
GRN2,57.049611,-135.35279,85
GRN2,57.049723,-135.351874,86
GRN2,57.049697,-135.351039,87
GRN2,57.04958,-135.350325,88
GRN2,57.049177,-135.34821,89
GRN1,57.049177,-135.34821,0
GRN1,57.048968,-135.347351,1
GRN1,57.048728,-135.346838,2
GRN1,57.048358,-135.346304,3
GRN1,57.048072,-135.345928,4
GRN1,57.047875,-135.345491,5
GRN1,57.047699,-135.344684,6
GRN1,57.047723,-135.343379,7
GRN1,57.047989,-135.337885,8
GRN1,57.048046,-135.337486,9
GRN1,57.048177,-135.336973,10
GRN1,57.048476,-135.336444,11
GRN1,57.049146,-135.335537,12
GRN1,57.049195,-135.335774,13
GRN1,57.049201,-135.336033,14
GRN1,57.049137,-135.336145,15
GRN1,57.048969,-135.336318,16
GRN1,57.048644,-135.336605,17
GRN1,57.048422,-135.336838,18
GRN1,57.048352,-135.33701,19
GRN1,57.04815,-135.337959,20
GRN1,57.0482,-135.33842,21
GRN1,57.048359,-135.338738,22
GRN1,57.048941,-135.339442,23
GRN1,57.049245,-135.33846,24
GRN1,57.04983,-135.339028,25
GRN1,57.050134,-135.33947,26
GRN1,57.050687,-135.340763,27
GRN1,57.050915,-135.341143,28
GRN1,57.051437,-135.341674,29
GRN1,57.051744,-135.342202,30
GRN1,57.052023,-135.342503,31
GRN1,57.052307,-135.342695,32
GRN1,57.052539,-135.343038,33
GRN1,57.052742,-135.343892,34
GRN1,57.053087,-135.344624,35
GRN1,57.053683,-135.345654,36
GRN1,57.054531,-135.346569,37
GRN1,57.05526,-135.347875,38
GRN1,57.055715,-135.348209,39
GRN1,57.056194,-135.348226,40
GRN1,57.056552,-135.347996,41
GRN1,57.058031,-135.346331,42
GRN1,57.057523,-135.345706,43
GRN1,57.056858,-135.344888,44
GRN1,57.056522,-135.344421,45
GRN1,57.056193,-135.343784,46
GRN1,57.055577,-135.341974,47
GRN1,57.055053,-135.340123,48
GRN1,57.05485,-135.338697,49
GRN1,57.054566,-135.337798,50
GRN1,57.053581,-135.335549,51
GRN1,57.053386,-135.335137,52
GRN1,57.053174,-135.334986,53
GRN1,57.053106,-135.334858,54
GRN1,57.053103,-135.334678,55
GRN1,57.053154,-135.334561,56
GRN1,57.053351,-135.334036,57
GRN1,57.053766,-135.330937,58
GRN1,57.054308,-135.326886,59
GRN1,57.054035,-135.324139,60
GRN1,57.053885,-135.321751,61
GRN1,57.053815,-135.321228,62
GRN1,57.053974,-135.321085,63
GRN1,57.054183,-135.319921,64
GRN1,57.054555,-135.317839,65
GRN1,57.054845,-135.31618,66
GRN1,57.055086,-135.313746,67
GRN1,57.055152,-135.313095,68
GRN1,57.055227,-135.312715,69
GRN1,57.055331,-135.312411,70
GRN1,57.055734,-135.311689,71
GRN1,57.05554,-135.311306,72
GRN1,57.055481,-135.311348,73
GRN1,57.055364,-135.311422,74
GRN1,57.055269,-135.31146,75
GRN1,57.05518,-135.311339,76
GRN1,57.055227,-135.311161,77
GRN1,57.055342,-135.311142,78
GRN1,57.05554,-135.311306,79
RED1,57.050407,-135.332398,0
RED1,57.050307,-135.332314,1
RED1,57.050238,-135.332465,2
RED1,57.050413,-135.332837,3
RED1,57.050643,-135.332775,4
RED1,57.051029,-135.332835,5
RED1,57.051319,-135.332916,6
RED1,57.051586,-135.33311,7
RED1,57.051723,-135.333362,8
RED1,57.052022,-135.334024,9
RED1,57.052092,-135.334167,10
RED1,57.052162,-135.334279,11
RED1,57.052375,-135.334419,12
RED1,57.052818,-135.334553,13
RED1,57.053105,-135.334573,14
RED1,57.053154,-135.334561,15
RED1,57.053233,-135.334518,16
RED1,57.053322,-135.334593,17
RED1,57.053357,-135.334818,18
RED1,57.053386,-135.335137,19
RED1,57.053581,-135.335549,20
RED1,57.054566,-135.337798,21
RED1,57.05485,-135.338697,22
RED1,57.055053,-135.340123,23
RED1,57.055577,-135.341974,24
RED1,57.056193,-135.343784,25
RED1,57.056522,-135.344421,26
RED1,57.056858,-135.344888,27
RED1,57.057523,-135.345706,28
RED1,57.057283,-135.346371,29
RED1,57.057022,-135.34602,30
RED1,57.056748,-135.345215,31
RED1,57.056858,-135.344888,32
RED1,57.057523,-135.345706,33
RED1,57.058031,-135.346331,34
RED1,57.059603,-135.348264,35
RED1,57.059832,-135.347635,36
RED1,57.060139,-135.347113,37
RED1,57.059853,-135.346004,38
RED1,57.060611,-135.343485,39
RED1,57.060762,-135.343203,40
RED1,57.061557,-135.342743,41
RED1,57.061673,-135.342798,42
RED1,57.061795,-135.341967,43
RED1,57.06218,-135.34216,44
RED1,57.062489,-135.34189,45
RED1,57.062591,-135.341887,46
RED1,57.062594,-135.341535,47
RED1,57.062912,-135.341529,48
RED1,57.062913,-135.34188,49
RED2,57.062913,-135.34188,0
RED2,57.062591,-135.341887,1
RED2,57.062489,-135.34189,2
RED2,57.06218,-135.34216,3
RED2,57.061795,-135.341967,4
RED2,57.061673,-135.342798,5
RED2,57.06118,-135.346215,6
RED2,57.061593,-135.346412,7
RED2,57.066574,-135.360078,8
RED2,57.065715,-135.361125,9
RED2,57.066066,-135.362044,10
RED2,57.065953,-135.362614,11
RED2,57.065633,-135.363164,12
RED2,57.066595,-135.364216,13
RED2,57.068206,-135.365978,14
RED2,57.068611,-135.36639,15
RED2,57.069145,-135.366663,16
RED2,57.06898,-135.367271,17
RED2,57.068836,-135.367801,18
RED2,57.068327,-135.367707,19
RED2,57.06859,-135.366787,20
RED2,57.06898,-135.367271,21
RED2,57.069145,-135.366663,22
RED2,57.071676,-135.367833,23
RED2,57.072796,-135.368632,24
RED2,57.076719,-135.373431,25
RED2,57.079044,-135.376116,26
RED2,57.079856,-135.376761,27
RED2,57.081402,-135.377677,28
RED2,57.082946,-135.378929,29
RED2,57.085349,-135.38125,30
RED2,57.0882,-135.384256,31
RED2,57.08853,-135.384833,32
RED2,57.089446,-135.387115,33
RED2,57.089973,-135.388257,34
RED2,57.090489,-135.388927,35
RED2,57.093115,-135.391542,36
RED2,57.094808,-135.392965,37
RED2,57.096592,-135.394519,38
RED2,57.098262,-135.396497,39
RED2,57.099045,-135.397292,40
RED2,57.101206,-135.398751,41
RED2,57.1042,-135.400809,42
RED2,57.10498,-135.401205,43
RED2,57.105657,-135.401026,44
RED2,57.109599,-135.397776,45
RED2,57.110775,-135.396585,46
RED2,57.111426,-135.395725,47
RED2,57.112473,-135.394254,48
RED2,57.116248,-135.388863,49
RED2,57.117116,-135.387687,50
RED2,57.117734,-135.387145,51
RED2,57.118226,-135.386857,52
RED2,57.118932,-135.386705,53
RED2,57.119757,-135.38687,54
RED2,57.120429,-135.387299,55
RED2,57.122162,-135.389,56
RED2,57.122815,-135.389384,57
RED2,57.123544,-135.389688,58
RED2,57.125023,-135.390186,59
RED2,57.12538,-135.390136,60
RED2,57.125627,-135.389995,61
RED2,57.126076,-135.389496,62
RED2,57.12638,-135.388845,63
RED2,57.126628,-135.387835,64
RED2,57.126623,-135.386744,65
RED2,57.126466,-135.385594,66
RED2,57.126349,-135.384745,67
RED2,57.126379,-135.383838,68
RED2,57.126527,-135.382965,69
RED2,57.126691,-135.382318,70
RED2,57.126981,-135.381629,71
RED2,57.12782,-135.379946,72
RED2,57.127936,-135.379684,73
RED2,57.1284,-135.380296,74
RED2,57.128289,-135.380585,75
RED2,57.12782,-135.379946,76
RED3,57.12782,-135.379946,0
RED3,57.126981,-135.381629,1
RED3,57.126691,-135.382318,2
RED3,57.126527,-135.382965,3
RED3,57.126379,-135.383838,4
RED3,57.126349,-135.384745,5
RED3,57.126466,-135.385594,6
RED3,57.126623,-135.386744,7
RED3,57.126628,-135.387835,8
RED3,57.12638,-135.388845,9
RED3,57.126076,-135.389496,10
RED3,57.125627,-135.389995,11
RED3,57.12538,-135.390136,12
RED3,57.125023,-135.390186,13
RED3,57.123544,-135.389688,14
RED3,57.122815,-135.389384,15
RED3,57.122162,-135.389,16
RED3,57.120429,-135.387299,17
RED3,57.119757,-135.38687,18
RED3,57.118932,-135.386705,19
RED3,57.118226,-135.386857,20
RED3,57.117734,-135.387145,21
RED3,57.117116,-135.387687,22
RED3,57.116248,-135.388863,23
RED3,57.112473,-135.394254,24
RED3,57.111426,-135.395725,25
RED3,57.110775,-135.396585,26
RED3,57.109599,-135.397776,27
RED3,57.105657,-135.401026,28
RED3,57.10498,-135.401205,29
RED3,57.1042,-135.400809,30
RED3,57.101206,-135.398751,31
RED3,57.099045,-135.397292,32
RED3,57.098262,-135.396497,33
RED3,57.096592,-135.394519,34
RED3,57.094808,-135.392965,35
RED3,57.093115,-135.391542,36
RED3,57.090489,-135.388927,37
RED3,57.089973,-135.388257,38
RED3,57.089446,-135.387115,39
RED3,57.08853,-135.384833,40
RED3,57.0882,-135.384256,41
RED3,57.085349,-135.38125,42
RED3,57.082946,-135.378929,43
RED3,57.081402,-135.377677,44
RED3,57.079856,-135.376761,45
RED3,57.079044,-135.376116,46
RED3,57.076719,-135.373431,47
RED3,57.072796,-135.368632,48
RED3,57.071676,-135.367833,49
RED3,57.069145,-135.366663,50
RED3,57.06898,-135.367271,51
RED3,57.068836,-135.367801,52
RED3,57.068327,-135.367707,53
RED3,57.06859,-135.366787,54
RED3,57.06898,-135.367271,55
RED3,57.069145,-135.366663,56
RED3,57.068611,-135.36639,57
RED3,57.068206,-135.365978,58
RED3,57.066595,-135.364216,59
RED3,57.065633,-135.363164,60
RED3,57.065125,-135.362435,61
RED3,57.064207,-135.360467,62
RED3,57.064121,-135.360176,63
RED3,57.063696,-135.357021,64
RED3,57.063513,-135.356076,65
RED3,57.063058,-135.354342,66
RED3,57.062776,-135.353291,67
RED3,57.062396,-135.352139,68
RED3,57.0621,-135.351485,69
RED3,57.061734,-135.350811,70
RED3,57.060419,-135.349267,71
RED3,57.059982,-135.34873,72
RED3,57.059906,-135.348953,73
RED3,57.060086,-135.349178,74
RED3,57.059994,-135.349464,75
RED3,57.059874,-135.349303,76
RED3,57.059906,-135.348953,77
RED3,57.059982,-135.34873,78
RED3,57.059603,-135.348264,79
RED3,57.058031,-135.346331,80
RED3,57.057523,-135.345706,81
RED3,57.057283,-135.346371,82
RED3,57.057022,-135.34602,83
RED3,57.056748,-135.345215,84
RED3,57.056858,-135.344888,85
RED3,57.056522,-135.344421,86
RED3,57.056193,-135.343784,87
RED3,57.055577,-135.341974,88
RED3,57.055053,-135.340123,89
RED3,57.05485,-135.338697,90
RED3,57.054566,-135.337798,91
RED3,57.053581,-135.335549,92
RED3,57.053386,-135.335137,93
RED3,57.053174,-135.334986,94
RED3,57.053106,-135.334858,95
RED3,57.052818,-135.334553,96
RED3,57.052375,-135.334419,97
RED3,57.052162,-135.334279,98
RED3,57.052092,-135.334167,99
RED3,57.052022,-135.334024,100
RED3,57.051723,-135.333362,101
RED3,57.051586,-135.33311,102
RED3,57.051319,-135.332916,103
RED3,57.051029,-135.332835,104
RED3,57.050643,-135.332775,105
RED3,57.050413,-135.332837,106
RED3,57.050225,-135.333001,107
RED3,57.050052,-135.333291,108
RED3,57.049474,-135.334873,109
RED3,57.049146,-135.335537,110
RED3,57.049195,-135.335774,111
RED3,57.049201,-135.336033,112
RED3,57.049137,-135.336145,113
RED3,57.048969,-135.336318,114
RED3,57.048644,-135.336605,115
RED3,57.048422,-135.336838,116
RED3,57.048352,-135.33701,117
RED3,57.04815,-135.337959,118
RED3,57.0482,-135.33842,119
RED3,57.048359,-135.338738,120
RED3,57.048941,-135.339442,121
RED3,57.049245,-135.33846,122
RED3,57.049536,-135.337498,123
RED3,57.049917,-135.335821,124
RED3,57.049888,-135.335557,125
RED3,57.049941,-135.335142,126
RED3,57.050073,-135.334992,127
RED3,57.050158,-135.334977,128
RED3,57.05048,-135.334244,129
RED3,57.050978,-135.332998,130
RED3,57.051029,-135.332835,131
RED3,57.051071,-135.332649,132
RED3,57.051135,-135.331836,133
RED3,57.05092,-135.331788,134
RED3,57.050876,-135.332376,135
RED3,57.050407,-135.332398,136
BEGBLU,57.049702,-135.306085,0
BEGBLU,57.04971,-135.30467,1
BEGBLU,57.047111,-135.304705,2
BEGBLU,57.048289,-135.310414,3
BEGBLU,57.048696,-135.311683,4
BEGBLU,57.049489,-135.313268,5
BEGBLU,57.052147,-135.317775,6
BEGBLU,57.053342,-135.319831,7
BEGBLU,57.0535,-135.320198,8
BEGBLU,57.05364,-135.320595,9
BEGBLU,57.053746,-135.320978,10
BEGBLU,57.053815,-135.321228,11
BEGBLU,57.053885,-135.321751,12
BEGBLU,57.054035,-135.324139,13
BEGBLU,57.052075,-135.324661,14
BEGBLU,57.052049,-135.324426,15
BEGBLU,57.051894,-135.324369,16
BEGBLU,57.051851,-135.323831,17
BEGBLU,57.051988,-135.323748,18
BEGBLU,57.052049,-135.324426,19
BEGBLU,57.052075,-135.324661,20
BEGBLU,57.050837,-135.325058,21
BEGBLU,57.050687,-135.324099,22
BEGBLU,57.050557,-135.323792,23
BEGBLU,57.050344,-135.323534,24
BEGBLU,57.049828,-135.323291,25
BEGBLU,57.049582,-135.323082,26
BEGBLU,57.048809,-135.322123,27
BEGBLU,57.048708,-135.321839,28
BEGBLU,57.048621,-135.320316,29
BEGBLU,57.048651,-135.320065,30
BEGBLU,57.049024,-135.319727,31
BEGBLU,57.049022,-135.31947,32
BEGBLU,57.049081,-135.319276,33
BEGBLU,57.04921,-135.319171,34
BEGBLU,57.049288,-135.319538,35
BEGBLU,57.049024,-135.319727,36
BEGBLU,57.048651,-135.320065,37
BEGBLU,57.048621,-135.320316,38
BEGBLU,57.048708,-135.321839,39
BEGBLU,57.048809,-135.322123,40
BEGBLU,57.049582,-135.323082,41
BEGBLU,57.049828,-135.323291,42
BEGBLU,57.050344,-135.323534,43
BEGBLU,57.050557,-135.323792,44
BEGBLU,57.050687,-135.324099,45
BEGBLU,57.050837,-135.325058,46
BEGBLU,57.051109,-135.32681,47
BEGBLU,57.051207,-135.327726,48
BEGBLU,57.051275,-135.328793,49
BEGBLU,57.051295,-135.329595,50
BEGBLU,57.051286,-135.330057,51
BEGBLU,57.051135,-135.331836,52
BEGBLU,57.05092,-135.331788,53
BEGBLU,57.050876,-135.332376,54
BEGBLU,57.050407,-135.332398,55
ENDBLU,57.033491,-135.253008,0
ENDBLU,57.033553,-135.252841,1
ENDBLU,57.033683,-135.253002,2
ENDBLU,57.033866,-135.253088,3
ENDBLU,57.033968,-135.253126,4
ENDBLU,57.03431,-135.253203,5
ENDBLU,57.034561,-135.253272,6
ENDBLU,57.034923,-135.253487,7
ENDBLU,57.035798,-135.254325,8
ENDBLU,57.03695,-135.255079,9
ENDBLU,57.03751,-135.255637,10
ENDBLU,57.037664,-135.255449,11
ENDBLU,57.037804,-135.255593,12
ENDBLU,57.03776,-135.255886,13
ENDBLU,57.038289,-135.256414,14
ENDBLU,57.038477,-135.256708,15
ENDBLU,57.038695,-135.257137,16
ENDBLU,57.038825,-135.257531,17
ENDBLU,57.039505,-135.259989,18
ENDBLU,57.041329,-135.264526,19
ENDBLU,57.041466,-135.264916,20
ENDBLU,57.041525,-135.265421,21
ENDBLU,57.041489,-135.265848,22
ENDBLU,57.04134,-135.266304,23
ENDBLU,57.04086,-135.266924,24
ENDBLU,57.040704,-135.267238,25
ENDBLU,57.040617,-135.2676,26
ENDBLU,57.040601,-135.268025,27
ENDBLU,57.040641,-135.268466,28
ENDBLU,57.040683,-135.268869,29
ENDBLU,57.040675,-135.269302,30
ENDBLU,57.040606,-135.269603,31
ENDBLU,57.040232,-135.270458,32
ENDBLU,57.040022,-135.271216,33
ENDBLU,57.039994,-135.271943,34
ENDBLU,57.040119,-135.272691,35
ENDBLU,57.040611,-135.274374,36
ENDBLU,57.040905,-135.275051,37
ENDBLU,57.041014,-135.275232,38
ENDBLU,57.041684,-135.275701,39
ENDBLU,57.041974,-135.27596,40
ENDBLU,57.042335,-135.276733,41
ENDBLU,57.042846,-135.278463,42
ENDBLU,57.043046,-135.279245,43
ENDBLU,57.043304,-135.280579,44
ENDBLU,57.043747,-135.280309,45
ENDBLU,57.043304,-135.280579,46
ENDBLU,57.04341,-135.281147,47
ENDBLU,57.043677,-135.282048,48
ENDBLU,57.043997,-135.282687,49
ENDBLU,57.044722,-135.283723,50
ENDBLU,57.045913,-135.285556,51
ENDBLU,57.046108,-135.28602,52
ENDBLU,57.046274,-135.286609,53
ENDBLU,57.04664,-135.288483,54
ENDBLU,57.046748,-135.289142,55
ENDBLU,57.046794,-135.289564,56
ENDBLU,57.046836,-135.290278,57
ENDBLU,57.046912,-135.292055,58
ENDBLU,57.046964,-135.292812,59
ENDBLU,57.047029,-135.29324,60
ENDBLU,57.04724,-135.294088,61
ENDBLU,57.047411,-135.294777,62
ENDBLU,57.047503,-135.295515,63
ENDBLU,57.047518,-135.296021,64
ENDBLU,57.0475,-135.29712,65
ENDBLU,57.047452,-135.298453,66
ENDBLU,57.04739,-135.298868,67
ENDBLU,57.047275,-135.29942,68
ENDBLU,57.046704,-135.301147,69
ENDBLU,57.046649,-135.301485,70
ENDBLU,57.046617,-135.301828,71
ENDBLU,57.04663,-135.302333,72
ENDBLU,57.046683,-135.302708,73
ENDBLU,57.047111,-135.304705,74
ENDBLU,57.04971,-135.30467,75
ENDBLU,57.049702,-135.306085,76
ENDGRN,57.05554,-135.311306,0
ENDGRN,57.055734,-135.311689,1
ENDGRN,57.055331,-135.312411,2
ENDGRN,57.055227,-135.312715,3
ENDGRN,57.055152,-135.313095,4
ENDGRN,57.055086,-135.313746,5
ENDGRN,57.054845,-135.31618,6
ENDGRN,57.054555,-135.317839,7
ENDGRN,57.054183,-135.319921,8
ENDGRN,57.053974,-135.321085,9
ENDGRN,57.053815,-135.321228,10
ENDGRN,57.053885,-135.321751,11
ENDGRN,57.054035,-135.324139,12
ENDGRN,57.054308,-135.326886,13
ENDGRN,57.053766,-135.330937,14
ENDGRN,57.051286,-135.330057,15
ENDGRN,57.051135,-135.331836,16
ENDGRN,57.05092,-135.331788,17
ENDGRN,57.050876,-135.332376,18
ENDGRN,57.050407,-135.332398,19
ENDGRN,57.050307,-135.332314,20
ENDGRN,57.050238,-135.332465,21
ENDGRN,57.050413,-135.332837,22
ENDGRN,57.050225,-135.333001,23
ENDGRN,57.050052,-135.333291,24
ENDGRN,57.049474,-135.334873,25
ENDGRN,57.049146,-135.335537,26
ENDGRN,57.048476,-135.336444,27
ENDGRN,57.048177,-135.336973,28
ENDGRN,57.048046,-135.337486,29
ENDGRN,57.047989,-135.337885,30
ENDGRN,57.047723,-135.343379,31
ENDGRN,57.047699,-135.344684,32
ENDGRN,57.047875,-135.345491,33
ENDGRN,57.048072,-135.345928,34
ENDGRN,57.048358,-135.346304,35
ENDGRN,57.048728,-135.346838,36
ENDGRN,57.048968,-135.347351,37
ENDGRN,57.049177,-135.34821,38
ENDGRN,57.049673,-135.347888,39
ENDGRN,57.050657,-135.349029,40
ENDGRN,57.050958,-135.349167,41
ENDGRN,57.05132,-135.349114,42
ENDGRN,57.051557,-135.349284,43
ENDGRN,57.052108,-135.350296,44
ENDGRN,57.052407,-135.350846,45
ENDGRN,57.052156,-135.351294,46
ENDGRN,57.051971,-135.350944,47
ENDGRN,57.051985,-135.350543,48
ENDGRN,57.052108,-135.350296,49
ENDGRN,57.051557,-135.349284,50
ENDGRN,57.05132,-135.349114,51
ENDGRN,57.050958,-135.349167,52
ENDGRN,57.050657,-135.349029,53
ENDGRN,57.049673,-135.347888,54
ENDGRN,57.049177,-135.34821,55
ENDGRN,57.04958,-135.350325,56
ENDGRN,57.049697,-135.351039,57
ENDGRN,57.049723,-135.351874,58
ENDGRN,57.049611,-135.35279,59
ENDGRN,57.049402,-135.353486,60
ENDGRN,57.049196,-135.353968,61
ENDGRN,57.049406,-135.35435,62
ENDGRN,57.049548,-135.355036,63
ENDGRN,57.049758,-135.355645,64
ENDGRN,57.050154,-135.356169,65
ENDGRN,57.050576,-135.356393,66
ENDGRN,57.051101,-135.356599,67
ENDGRN,57.051993,-135.356348,68
ENDGRN,57.051977,-135.356158,69
ENDGRN,57.051977,-135.355796,70
ENDGRN,57.052112,-135.355522,71
ENDGRN,57.052494,-135.355512,72
ENDGRN,57.052575,-135.355669,73
ENDGRN,57.05231,-135.356123,74
ENDGRN,57.052198,-135.356247,75
ENDGRN,57.051993,-135.356348,76
ENDGRN,57.051101,-135.356599,77
ENDGRN,57.050576,-135.356393,78
ENDGRN,57.050154,-135.356169,79
ENDGRN,57.049758,-135.355645,80
ENDGRN,57.049548,-135.355036,81
ENDGRN,57.049406,-135.35435,82
ENDGRN,57.049196,-135.353968,83
ENDGRN,57.049402,-135.353486,84
ENDGRN,57.049611,-135.35279,85
ENDGRN,57.049723,-135.351874,86
ENDGRN,57.049697,-135.351039,87
ENDGRN,57.04958,-135.350325,88
ENDGRN,57.049177,-135.34821,89
ENDGRN,57.048968,-135.347351,90
ENDGRN,57.048728,-135.346838,91
ENDGRN,57.048358,-135.346304,92
ENDGRN,57.048072,-135.345928,93
ENDGRN,57.047875,-135.345491,94
ENDGRN,57.047699,-135.344684,95
ENDGRN,57.047723,-135.343379,96
ENDGRN,57.047989,-135.337885,97
ENDGRN,57.048046,-135.337486,98
ENDGRN,57.048177,-135.336973,99
ENDGRN,57.048476,-135.336444,100
ENDGRN,57.049146,-135.335537,101
ENDGRN,57.049195,-135.335774,102
ENDGRN,57.049201,-135.336033,103
ENDGRN,57.049137,-135.336145,104
ENDGRN,57.048969,-135.336318,105
ENDGRN,57.048644,-135.336605,106
ENDGRN,57.048422,-135.336838,107
ENDGRN,57.048352,-135.33701,108
ENDGRN,57.04815,-135.337959,109
ENDGRN,57.0482,-135.33842,110
ENDGRN,57.048359,-135.338738,111
ENDGRN,57.048941,-135.339442,112
ENDGRN,57.049245,-135.33846,113
ENDGRN,57.04983,-135.339028,114
ENDGRN,57.050134,-135.33947,115
BEGRED,57.059994,-135.349464,0
BEGRED,57.059874,-135.349303,1
BEGRED,57.059906,-135.348953,2
BEGRED,57.059982,-135.34873,3
BEGRED,57.059603,-135.348264,4
BEGRED,57.058031,-135.346331,5
BEGRED,57.057523,-135.345706,6
BEGRED,57.057283,-135.346371,7
BEGRED,57.057022,-135.34602,8
BEGRED,57.056748,-135.345215,9
BEGRED,57.056858,-135.344888,10
BEGRED,57.056522,-135.344421,11
BEGRED,57.056193,-135.343784,12
BEGRED,57.055577,-135.341974,13
BEGRED,57.055053,-135.340123,14
BEGRED,57.05485,-135.338697,15
BEGRED,57.054566,-135.337798,16
BEGRED,57.053581,-135.335549,17
BEGRED,57.053386,-135.335137,18
BEGRED,57.053174,-135.334986,19
BEGRED,57.053106,-135.334858,20
BEGRED,57.052818,-135.334553,21
BEGRED,57.052375,-135.334419,22
BEGRED,57.052162,-135.334279,23
BEGRED,57.052092,-135.334167,24
BEGRED,57.052022,-135.334024,25
BEGRED,57.051723,-135.333362,26
BEGRED,57.051586,-135.33311,27
BEGRED,57.051319,-135.332916,28
BEGRED,57.051029,-135.332835,29
BEGRED,57.050643,-135.332775,30
BEGRED,57.050413,-135.332837,31
BEGRED,57.050225,-135.333001,32
BEGRED,57.050052,-135.333291,33
BEGRED,57.049474,-135.334873,34
BEGRED,57.049146,-135.335537,35
BEGRED,57.049195,-135.335774,36
BEGRED,57.049201,-135.336033,37
BEGRED,57.049137,-135.336145,38
BEGRED,57.048969,-135.336318,39
BEGRED,57.048644,-135.336605,40
BEGRED,57.048422,-135.336838,41
BEGRED,57.048352,-135.33701,42
BEGRED,57.04815,-135.337959,43
BEGRED,57.0482,-135.33842,44
BEGRED,57.048359,-135.338738,45
BEGRED,57.048941,-135.339442,46
BEGRED,57.049245,-135.33846,47
BEGRED,57.049536,-135.337498,48
BEGRED,57.049917,-135.335821,49
BEGRED,57.049888,-135.335557,50
BEGRED,57.049941,-135.335142,51
BEGRED,57.050073,-135.334992,52
BEGRED,57.050158,-135.334977,53
BEGRED,57.05048,-135.334244,54
BEGRED,57.050978,-135.332998,55
BEGRED,57.051029,-135.332835,56
BEGRED,57.051071,-135.332649,57
BEGRED,57.051135,-135.331836,58
BEGRED,57.05092,-135.331788,59
BEGRED,57.050876,-135.332376,60
BEGRED,57.050407,-135.332398,61
ENDRED,57.12782,-135.379946,0
ENDRED,57.126981,-135.381629,1
ENDRED,57.126691,-135.382318,2
ENDRED,57.126527,-135.382965,3
ENDRED,57.126379,-135.383838,4
ENDRED,57.126349,-135.384745,5
ENDRED,57.126466,-135.385594,6
ENDRED,57.126623,-135.386744,7
ENDRED,57.126628,-135.387835,8
ENDRED,57.12638,-135.388845,9
ENDRED,57.126076,-135.389496,10
ENDRED,57.125627,-135.389995,11
ENDRED,57.12538,-135.390136,12
ENDRED,57.125023,-135.390186,13
ENDRED,57.123544,-135.389688,14
ENDRED,57.122815,-135.389384,15
ENDRED,57.122162,-135.389,16
ENDRED,57.120429,-135.387299,17
ENDRED,57.119757,-135.38687,18
ENDRED,57.118932,-135.386705,19
ENDRED,57.118226,-135.386857,20
ENDRED,57.117734,-135.387145,21
ENDRED,57.117116,-135.387687,22
ENDRED,57.116248,-135.388863,23
ENDRED,57.112473,-135.394254,24
ENDRED,57.111426,-135.395725,25
ENDRED,57.110775,-135.396585,26
ENDRED,57.109599,-135.397776,27
ENDRED,57.105657,-135.401026,28
ENDRED,57.10498,-135.401205,29
ENDRED,57.1042,-135.400809,30
ENDRED,57.101206,-135.398751,31
ENDRED,57.099045,-135.397292,32
ENDRED,57.098262,-135.396497,33
ENDRED,57.096592,-135.394519,34
ENDRED,57.094808,-135.392965,35
ENDRED,57.093115,-135.391542,36
ENDRED,57.090489,-135.388927,37
ENDRED,57.089973,-135.388257,38
ENDRED,57.089446,-135.387115,39
ENDRED,57.08853,-135.384833,40
ENDRED,57.0882,-135.384256,41
ENDRED,57.085349,-135.38125,42
ENDRED,57.082946,-135.378929,43
ENDRED,57.081402,-135.377677,44
ENDRED,57.079856,-135.376761,45
ENDRED,57.079044,-135.376116,46
ENDRED,57.076719,-135.373431,47
ENDRED,57.072796,-135.368632,48
ENDRED,57.071676,-135.367833,49
ENDRED,57.069145,-135.366663,50
ENDRED,57.06898,-135.367271,51
ENDRED,57.068836,-135.367801,52
ENDRED,57.068327,-135.367707,53
ENDRED,57.06859,-135.366787,54
ENDRED,57.06898,-135.367271,55
ENDRED,57.069145,-135.366663,56
ENDRED,57.068611,-135.36639,57
ENDRED,57.068206,-135.365978,58
ENDRED,57.066595,-135.364216,59
ENDRED,57.065633,-135.363164,60
ENDRED,57.065125,-135.362435,61
ENDRED,57.064207,-135.360467,62
ENDRED,57.064121,-135.360176,63
ENDRED,57.063696,-135.357021,64
ENDRED,57.063513,-135.356076,65
ENDRED,57.063058,-135.354342,66
ENDRED,57.062776,-135.353291,67
ENDRED,57.062396,-135.352139,68
ENDRED,57.0621,-135.351485,69
ENDRED,57.061734,-135.350811,70
ENDRED,57.060419,-135.349267,71
ENDRED,57.059982,-135.34873,72
ENDRED,57.059906,-135.348953,73
ENDRED,57.060086,-135.349178,74
ENDRED,57.059994,-135.349464,75