shape_id,shape_pt_lat,shape_pt_lon,shape_pt_sequence
blu1,57.046987,-135.232573,0
blu1,57.047063,-135.232621,1
blu1,57.04739,-135.232816,2
blu1,57.047585,-135.232937,3
blu1,57.047707,-135.232991,4
blu1,57.047675,-135.233243,5
blu1,57.047551,-135.23319,6
blu1,57.047571,-135.233035,7
blu1,57.047373,-135.232911,8
blu1,57.047046,-135.232716,9
blu1,57.046773,-135.232547,10
blu1,57.046691,-135.232489,11
blu1,57.046377,-135.232375,12
blu1,57.046155,-135.23234,13
blu1,57.045784,-135.232343,14
blu1,57.045372,-135.232413,15
blu1,57.045092,-135.232447,16
blu1,57.044727,-135.232434,17
blu1,57.044326,-135.232313,18
blu1,57.044042,-135.232268,19
blu1,57.04388,-135.232287,20
blu1,57.043332,-135.232658,21
blu1,57.043025,-135.232835,22
blu1,57.042826,-135.23293,23
blu1,57.042573,-135.232992,24
blu1,57.042252,-135.233008,25
blu1,57.04207,-135.233056,26
blu1,57.041892,-135.233101,27
blu1,57.041771,-135.233156,28
blu1,57.041578,-135.233326,29
blu1,57.041421,-135.233528,30
blu1,57.041275,-135.233767,31
blu1,57.041214,-135.233875,32
blu1,57.040831,-135.23452,33
blu1,57.04075,-135.234728,34
blu1,57.040684,-135.234957,35
blu1,57.040626,-135.235175,36
blu1,57.040575,-135.235396,37
blu1,57.040553,-135.235685,38
blu1,57.040515,-135.236088,39
blu1,57.040431,-135.236372,40
blu1,57.040338,-135.236619,41
blu1,57.040183,-135.236847,42
blu1,57.040071,-135.237023,43
blu1,57.039951,-135.237168,44
blu1,57.039658,-135.237545,45
blu1,57.039254,-135.238052,46
blu1,57.038908,-135.238511,47
blu1,57.038808,-135.238686,48
blu1,57.038728,-135.238879,49
blu1,57.038668,-135.239049,50
blu1,57.03863,-135.239197,51
blu1,57.038609,-135.239433,52
blu1,57.038616,-135.239691,53
blu1,57.038622,-135.240093,54
blu1,57.03864,-135.240691,55
blu1,57.038613,-135.241033,56
blu1,57.03857,-135.241201,57
blu1,57.038517,-135.241342,58
blu1,57.038432,-135.241498,59
blu1,57.038328,-135.241623,60
blu1,57.038173,-135.241756,61
blu1,57.037984,-135.241865,62
blu1,57.037701,-135.241974,63
blu1,57.037606,-135.242089,64
blu1,57.037507,-135.242271,65
blu1,57.037441,-135.242438,66
blu1,57.03734,-135.242722,67
blu1,57.037189,-135.243089,68
blu1,57.037083,-135.243357,69
blu1,57.036974,-135.2436,70
blu1,57.03684,-135.243866,71
blu1,57.036683,-135.244128,72
blu1,57.036468,-135.244459,73
blu1,57.036318,-135.244683,74
blu1,57.036208,-135.244914,75
blu1,57.036112,-135.245167,76
blu1,57.036015,-135.245488,77
blu1,57.035946,-135.24575,78
blu1,57.035872,-135.246018,79
blu1,57.035768,-135.246441,80
blu1,57.035684,-135.246661,81
blu1,57.035639,-135.24676,82
blu1,57.035586,-135.246844,83
blu1,57.03549,-135.246936,84
blu1,57.03543,-135.24697,85
blu1,57.035308,-135.247029,86
blu1,57.035163,-135.247055,87
blu1,57.034911,-135.247087,88
blu1,57.034757,-135.247159,89
blu1,57.034691,-135.247217,90
blu1,57.034626,-135.2473,91
blu1,57.034559,-135.247401,92
blu1,57.034483,-135.247565,93
blu1,57.034391,-135.247752,94
blu1,57.034261,-135.248051,95
blu1,57.034156,-135.248233,96
blu1,57.034083,-135.24836,97
blu1,57.034023,-135.248442,98
blu1,57.033914,-135.248552,99
blu1,57.033776,-135.248667,100
blu1,57.033636,-135.248772,101
blu1,57.033495,-135.248919,102
blu1,57.033366,-135.249091,103
blu1,57.033291,-135.249202,104
blu1,57.033242,-135.2493,105
blu1,57.033213,-135.249408,106
blu1,57.033183,-135.249573,107
blu1,57.03316,-135.249759,108
blu1,57.033149,-135.249974,109
blu1,57.033175,-135.250489,110
blu1,57.033206,-135.250903,111
blu1,57.033228,-135.251276,112
blu1,57.03327,-135.251694,113
blu1,57.033335,-135.252057,114
blu1,57.033418,-135.252347,115
blu1,57.033588,-135.252633,116
blu1,57.033686,-135.252741,117
blu1,57.033782,-135.252825,118
blu1,57.033851,-135.252872,119
blu1,57.033976,-135.252916,120
blu1,57.034139,-135.252946,121
blu1,57.034334,-135.252977,122
blu1,57.034549,-135.253009,123
blu1,57.03471,-135.253077,124
blu1,57.034937,-135.253241,125
blu1,57.035132,-135.253426,126
blu1,57.035487,-135.253771,127
blu1,57.035811,-135.254078,128
blu1,57.03605,-135.254249,129
blu1,57.036314,-135.254403,130
blu1,57.036687,-135.254637,131
blu1,57.037229,-135.255064,132
blu1,57.037554,-135.25535,133
blu1,57.037666,-135.255248,134
blu1,57.03775,-135.255334,135
blu1,57.037806,-135.255392,136
blu1,57.037774,-135.255605,137
blu1,57.038039,-135.255867,138
blu1,57.038305,-135.25617,139
blu1,57.038496,-135.256469,140
blu1,57.038644,-135.256741,141
blu1,57.038719,-135.256908,142
blu1,57.038777,-135.257065,143
blu1,57.038865,-135.257351,144
blu1,57.039206,-135.258596,145
blu1,57.039531,-135.259763,146
blu1,57.039673,-135.260152,147
blu1,57.039871,-135.260648,148
blu1,57.04006,-135.261122,149
blu1,57.040227,-135.261542,150
blu1,57.040423,-135.262054,151
blu1,57.040782,-135.262923,152
blu1,57.041087,-135.263681,153
blu1,57.041353,-135.264294,154
blu1,57.041483,-135.264616,155
blu1,57.041557,-135.264903,156
blu1,57.041584,-135.265187,157
blu1,57.041574,-135.265425,158
blu1,57.041525,-135.265698,159
blu1,57.041465,-135.265903,160
blu1,57.041363,-135.266124,161
blu1,57.04125,-135.266285,162
blu1,57.041041,-135.266538,163
blu1,57.040936,-135.266668,164
blu1,57.04085,-135.266803,165
blu1,57.040762,-135.266988,166
blu1,57.04069,-135.267203,167
blu1,57.040655,-135.2674,168
blu1,57.040641,-135.267625,169
blu1,57.040652,-135.268011,170
blu1,57.040692,-135.268352,171
blu1,57.040724,-135.268655,172
blu1,57.040729,-135.268909,173
blu1,57.040719,-135.269161,174
blu1,57.040683,-135.269372,175
blu1,57.04065,-135.269513,176
blu1,57.040575,-135.269693,177
blu1,57.040432,-135.269992,178
blu1,57.040296,-135.270287,179
blu1,57.040196,-135.270586,180
blu1,57.040137,-135.27076,181
blu1,57.040086,-135.271022,182
blu1,57.040063,-135.271201,183
blu1,57.040055,-135.271505,184
blu1,57.040065,-135.271816,185
blu1,57.040098,-135.272108,186
blu1,57.040169,-135.272484,187
blu1,57.040247,-135.272868,188
blu1,57.040493,-135.273675,189
blu1,57.040636,-135.274145,190
blu1,57.040777,-135.27453,191
blu1,57.040918,-135.274799,192
blu1,57.041037,-135.274979,193
blu1,57.041154,-135.275096,194
blu1,57.041318,-135.275217,195
blu1,57.041696,-135.275453,196
blu1,57.041893,-135.275606,197
blu1,57.04199,-135.275716,198
blu1,57.042155,-135.27601,199
blu1,57.042236,-135.276187,200
blu1,57.042359,-135.276503,201
blu1,57.042493,-135.276939,202
blu1,57.042778,-135.277892,203
blu1,57.042864,-135.2782,204
blu1,57.042933,-135.278444,205
blu1,57.043091,-135.279078,206
blu1,57.043152,-135.279386,207
blu1,57.043217,-135.279723,208
blu1,57.043306,-135.280237,209
blu1,57.043328,-135.280348,210
blu1,57.043588,-135.280194,211
blu1,57.043717,-135.280112,212
blu1,57.043734,-135.280111,213
blu1,57.043748,-135.280129,214
blu1,57.043753,-135.280159,215
blu1,57.043748,-135.280188,216
blu1,57.043735,-135.280206,217
blu1,57.043345,-135.280443,218
blu1,57.043371,-135.28059,219
blu1,57.043443,-135.281029,220
blu1,57.043532,-135.281389,221
blu1,57.043599,-135.281617,222
blu1,57.043659,-135.281773,223
blu1,57.043725,-135.281932,224
blu1,57.043839,-135.282182,225
blu1,57.043902,-135.282307,226
blu1,57.043984,-135.28245,227
blu1,57.044131,-135.282678,228
blu1,57.044432,-135.283093,229
blu1,57.044639,-135.283386,230
blu1,57.044854,-135.2837,231
blu1,57.04528,-135.284301,232
blu1,57.045603,-135.284767,233
blu1,57.045835,-135.285138,234
blu1,57.045934,-135.28532,235
blu1,57.046124,-135.285785,236
blu1,57.046286,-135.286362,237
blu1,57.046463,-135.287232,238
blu1,57.04663,-135.288107,239
blu1,57.046685,-135.288375,240
blu1,57.046754,-135.288845,241
blu1,57.046795,-135.289144,242
blu1,57.046821,-135.289527,243
blu1,57.046844,-135.28989,244
blu1,57.046871,-135.290452,245
blu1,57.046918,-135.291494,246
blu1,57.046958,-135.292219,247
blu1,57.046983,-135.292586,248
blu1,57.047031,-135.292958,249
blu1,57.04711,-135.293313,250
blu1,57.047211,-135.293673,251
blu1,57.047282,-135.293926,252
blu1,57.047389,-135.294445,253
blu1,57.047459,-135.2948,254
blu1,57.047505,-135.295149,255
blu1,57.047532,-135.295458,256
blu1,57.047548,-135.295821,257
blu1,57.047522,-135.296845,258
blu1,57.047497,-135.297752,259
blu1,57.04747,-135.298286,260
blu1,57.047418,-135.298683,261
blu1,57.047374,-135.298894,262
blu1,57.047301,-135.299246,263
blu1,57.047213,-135.299506,264
blu1,57.046955,-135.300278,265
blu1,57.046834,-135.30061,266
blu1,57.046731,-135.300966,267
blu1,57.046678,-135.301295,268
blu1,57.046654,-135.301588,269
blu1,57.046646,-135.301881,270
blu1,57.04666,-135.302124,271
blu1,57.046682,-135.302311,272
blu1,57.046711,-135.302491,273
blu1,57.046895,-135.303334,274
blu1,57.047143,-135.304471,275
blu1,57.047249,-135.304431,276
blu1,57.047422,-135.304414,277
blu1,57.047782,-135.304408,278
blu1,57.04872,-135.30441,279
blu1,57.048971,-135.304403,280
blu1,57.049689,-135.304393,281
blu1,57.049926,-135.304383,282
blu1,57.050155,-135.304386,283
blu1,57.050154,-135.304487,284
blu1,57.050154,-135.304623,285
blu1,57.050121,-135.304687,286
blu1,57.049962,-135.304687,287
blu1,57.049941,-135.304636,288
blu1,57.049926,-135.304484,289
blu1,57.04969,-135.304493,290
blu1,57.048972,-135.304503,291
blu1,57.048721,-135.304511,292
blu1,57.047782,-135.304509,293
blu1,57.047424,-135.304514,294
blu1,57.047258,-135.30453,295
blu1,57.047163,-135.304566,296
blu1,57.047351,-135.305549,297
blu1,57.047379,-135.305692,298
blu1,57.047775,-135.307669,299
blu1,57.047951,-135.308493,300
blu1,57.048027,-135.308846,301
blu1,57.048062,-135.309023,302
blu1,57.048328,-135.310193,303
blu1,57.048376,-135.310368,304
blu1,57.048458,-135.310337,305
blu1,57.048524,-135.310574,306
blu1,57.048649,-135.311018,307
blu1,57.048588,-135.311067,308
blu1,57.04872,-135.311453,309
blu1,57.048842,-135.311735,310
blu1,57.049006,-135.312116,311
blu1,57.049505,-135.313032,312
blu1,57.049855,-135.313668,313
blu1,57.051271,-135.316013,314
blu1,57.05182,-135.316959,315
blu1,57.052167,-135.317536,316
blu1,57.052426,-135.317966,317
blu1,57.052777,-135.318568,318
blu1,57.053084,-135.319083,319
blu1,57.05335,-135.319614,320
blu1,57.053509,-135.319979,321
blu1,57.05365,-135.32038,322
blu1,57.05376,-135.320748,323
blu1,57.053832,-135.321083,324
blu1,57.053901,-135.321567,325
blu1,57.053979,-135.322571,326
blu1,57.054019,-135.323202,327
blu1,57.054074,-135.32395,328
blu1,57.053941,-135.323994,329
blu1,57.053361,-135.324158,330
blu1,57.052947,-135.324287,331
blu1,57.052055,-135.324518,332
blu1,57.052024,-135.324222,333
blu1,57.051953,-135.324211,334
blu1,57.051896,-135.324168,335
blu1,57.051875,-135.323903,336
blu1,57.051853,-135.32363,337
blu1,57.051907,-135.323583,338
blu1,57.05199,-135.323547,339
blu1,57.052017,-135.323539,340
blu1,57.052078,-135.324216,341
blu1,57.05211,-135.324502,342
blu1,57.051326,-135.324743,343
blu1,57.05089,-135.324879,344
blu1,57.050855,-135.32489,345
blu1,57.050831,-135.324854,346
blu1,57.050792,-135.324624,347
blu1,57.050758,-135.324379,348
blu1,57.050722,-135.324124,349
blu1,57.050674,-135.323923,350
blu1,57.05061,-135.323745,351
blu1,57.050543,-135.323611,352
blu1,57.050427,-135.323444,353
blu1,57.05038,-135.323411,354
blu1,57.050337,-135.323381,355
blu1,57.050232,-135.323328,356
blu1,57.050095,-135.323275,357
blu1,57.049964,-135.323209,358
blu1,57.049842,-135.323139,359
blu1,57.049701,-135.323024,360
blu1,57.049582,-135.322894,361
blu1,57.049388,-135.322666,362
blu1,57.049144,-135.322369,363
blu1,57.048946,-135.322146,364
blu1,57.048801,-135.321938,365
blu1,57.048735,-135.321811,366
blu1,57.048689,-135.321659,367
blu1,57.048668,-135.321511,368
blu1,57.048659,-135.321351,369
blu1,57.048642,-135.321106,370
blu1,57.048619,-135.320729,371
blu1,57.0486,-135.320329,372
blu1,57.04861,-135.320065,373
blu1,57.048638,-135.319894,374
blu1,57.048665,-135.319814,375
blu1,57.048674,-135.319798,376
blu1,57.048789,-135.319671,377
blu1,57.048927,-135.319557,378
blu1,57.049016,-135.319481,379
blu1,57.049003,-135.319421,380
blu1,57.049011,-135.319329,381
blu1,57.049024,-135.319269,382
blu1,57.049073,-135.319086,383
blu1,57.049125,-135.319031,384
blu1,57.049212,-135.31897,385
blu1,57.049299,-135.319384,386
blu1,57.049037,-135.319572,387
blu1,57.048951,-135.319648,388
blu1,57.048815,-135.319759,389
blu1,57.048708,-135.319878,390
blu1,57.048687,-135.319942,391
blu1,57.048663,-135.320088,392
blu1,57.048655,-135.320324,393
blu1,57.048674,-135.32072,394
blu1,57.048696,-135.321095,395
blu1,57.048714,-135.321342,396
blu1,57.048721,-135.32149,397
blu1,57.048739,-135.321616,398
blu1,57.048781,-135.321757,399
blu1,57.048839,-135.321865,400
blu1,57.048978,-135.322065,401
blu1,57.049174,-135.322284,402
blu1,57.049418,-135.322582,403
blu1,57.049727,-135.322936,404
blu1,57.049863,-135.323046,405
blu1,57.04998,-135.323113,406
blu1,57.050107,-135.323177,407
blu1,57.050244,-135.32323,408
blu1,57.050353,-135.323285,409
blu1,57.0504,-135.323317,410
blu1,57.050457,-135.32336,411
blu1,57.050582,-135.32354,412
blu1,57.050652,-135.32368,413
blu1,57.050724,-135.323879,414
blu1,57.050775,-135.324095,415
blu1,57.050811,-135.324355,416
blu1,57.050845,-135.324596,417
blu1,57.050878,-135.32478,418
blu1,57.051047,-135.325992,419
blu1,57.051137,-135.326596,420
blu1,57.051201,-135.327119,421
blu1,57.051237,-135.327517,422
blu1,57.051253,-135.327699,423
blu1,57.051259,-135.327807,424
blu1,57.051291,-135.328312,425
blu1,57.051305,-135.32859,426
blu1,57.051311,-135.328824,427
blu1,57.051314,-135.329097,428
blu1,57.051315,-135.329409,429
blu1,57.051311,-135.329826,430
blu1,57.051308,-135.329927,431
blu1,57.051299,-135.33011,432
blu1,57.05127,-135.330557,433
blu1,57.051204,-135.331282,434
blu1,57.051181,-135.331491,435
blu1,57.051164,-135.331645,436
blu1,57.05111,-135.331628,437
blu1,57.05105,-135.331613,438
blu1,57.050922,-135.331587,439
blu1,57.050878,-135.332175,440
blu1,57.050642,-135.332186,441
blu2,57.050642,-135.332186,0
blu2,57.050409,-135.332197,1
blu2,57.050358,-135.332174,2
blu2,57.050309,-135.332113,3
blu2,57.05024,-135.332264,4
blu2,57.05027,-135.332296,5
blu2,57.050323,-135.332388,6
blu2,57.050372,-135.33251,7
blu2,57.050396,-135.332575,8
blu2,57.050468,-135.332526,9
blu2,57.05062,-135.33251,10
blu2,57.050774,-135.332525,11
blu2,57.050952,-135.332561,12
blu2,57.051027,-135.332573,13
blu2,57.051098,-135.33259,14
blu2,57.051326,-135.332666,15
blu2,57.051451,-135.33273,16
blu2,57.051537,-135.332792,17
blu2,57.051606,-135.332878,18
blu2,57.051747,-135.333147,19
blu2,57.052037,-135.333792,20
blu2,57.052095,-135.333902,21
blu2,57.052189,-135.334029,22
blu2,57.052385,-135.334171,23
blu2,57.052818,-135.33432,24
blu2,57.053104,-135.334322,25
blu2,57.053186,-135.334331,26
blu2,57.053235,-135.334317,27
blu2,57.053284,-135.334338,28
blu2,57.053324,-135.334392,29
blu2,57.053459,-135.334423,30
blu2,57.053628,-135.334439,31
blu2,57.053747,-135.334474,32
blu2,57.054449,-135.334686,33
blu2,57.054701,-135.334753,34
blu2,57.054925,-135.334801,35
blu2,57.055156,-135.334814,36
blu2,57.055618,-135.334807,37
blu2,57.056292,-135.334807,38
blu2,57.056422,-135.334846,39
blu2,57.056527,-135.334895,40
blu2,57.056669,-135.334969,41
blu2,57.056858,-135.333757,42
blu2,57.056868,-135.333731,43
blu2,57.056892,-135.333722,44
blu2,57.058068,-135.334312,45
blu2,57.058179,-135.334372,46
blu2,57.058267,-135.334419,47
blu2,57.058844,-135.334724,48
blu2,57.059467,-135.335029,49
blu2,57.060394,-135.335518,50
blu2,57.060901,-135.336771,51
blu2,57.060977,-135.336877,52
blu2,57.061072,-135.336942,53
blu2,57.061085,-135.33696,54
blu2,57.06109,-135.336989,55
blu2,57.06109,-135.339439,56
blu2,57.061094,-135.341377,57
blu2,57.061508,-135.341575,58
blu2,57.061761,-135.341689,59
blu2,57.062172,-135.341847,60
blu2,57.062367,-135.341677,61
blu2,57.062486,-135.341639,62
blu2,57.062593,-135.341636,63
blu2,57.062596,-135.341334,64
blu2,57.062914,-135.341328,65
blu2,57.062915,-135.341729,66
blu2,57.062757,-135.341733,67
blu2,57.062593,-135.341737,68
blu2,57.062494,-135.341739,69
blu2,57.06238,-135.341775,70
blu2,57.062187,-135.341945,71
blu2,57.062162,-135.341944,72
blu2,57.061813,-135.341812,73
blu2,57.061748,-135.341787,74
blu2,57.061495,-135.341672,75
blu2,57.061059,-135.341462,76
blu2,57.060794,-135.341314,77
blu2,57.060708,-135.341228,78
blu2,57.060624,-135.341105,79
blu2,57.060541,-135.34093,80
blu2,57.059205,-135.337881,81
blu2,57.058798,-135.336921,82
blu2,57.058475,-135.336172,83
blu2,57.058428,-135.336085,84
blu2,57.058375,-135.336006,85
blu2,57.058305,-135.335938,86
blu2,57.058217,-135.33588,87
blu2,57.058119,-135.335822,88
blu2,57.05668,-135.335079,89
blu2,57.056513,-135.334992,90
blu2,57.056412,-135.334944,91
blu2,57.05629,-135.334908,92
blu2,57.055619,-135.334908,93
blu2,57.055156,-135.334915,94
blu2,57.05492,-135.334901,95
blu2,57.054693,-135.334853,96
blu2,57.054441,-135.334785,97
blu2,57.053617,-135.334537,98
blu2,57.053459,-135.334545,99
blu2,57.05336,-135.334617,100
blu2,57.053355,-135.334647,101
blu2,57.053348,-135.334675,102
blu2,57.053317,-135.334748,103
blu2,57.053274,-135.334794,104
blu2,57.053225,-135.334807,105
blu2,57.053176,-135.334785,106
blu2,57.053147,-135.334755,107
blu2,57.053124,-135.334711,108
blu2,57.053108,-135.334657,109
blu2,57.053096,-135.334568,110
blu2,57.053105,-135.334477,111
blu2,57.05312,-135.334423,112
blu2,57.053156,-135.334358,113
blu2,57.053186,-135.334331,114
blu2,57.053251,-135.334204,115
blu2,57.053304,-135.334023,116
blu2,57.053333,-135.333801,117
blu2,57.053379,-135.333448,118
blu2,57.053493,-135.332613,119
blu2,57.053541,-135.332261,120
blu2,57.053694,-135.331066,121
blu2,57.053732,-135.330773,122
blu2,57.05379,-135.330333,123
blu2,57.054229,-135.327051,124
blu2,57.054282,-135.326683,125
blu2,57.054093,-135.324749,126
blu2,57.054051,-135.324326,127
blu2,57.054025,-135.324035,128
blu2,57.053964,-135.323215,129
blu2,57.053924,-135.322583,130
blu2,57.053847,-135.321584,131
blu2,57.053774,-135.321072,132
blu2,57.053711,-135.320794,133
blu2,57.053603,-135.32043,134
blu2,57.053465,-135.320039,135
blu2,57.053309,-135.319681,136
blu2,57.053045,-135.319153,137
blu2,57.052739,-135.318641,138
blu2,57.05239,-135.318041,139
blu2,57.052131,-135.317611,140
blu2,57.051782,-135.317033,141
blu2,57.051234,-135.316086,142
blu2,57.049817,-135.313741,143
blu2,57.049466,-135.313102,144
blu2,57.048967,-135.312185,145
blu2,57.048799,-135.311797,146
blu2,57.048677,-135.311513,147
blu2,57.048503,-135.311007,148
blu2,57.0484,-135.310664,149
blu2,57.048279,-135.310236,150
blu2,57.04801,-135.309058,151
blu2,57.047975,-135.30888,152
blu2,57.0479,-135.30853,153
blu2,57.047724,-135.307705,154
blu2,57.047327,-135.305726,155
blu2,57.0473,-135.305582,156
blu2,57.0471,-135.304546,157
blu2,57.047101,-135.304508,158
blu2,57.047112,-135.304485,159
blu2,57.047143,-135.304471,160
blu2,57.047249,-135.304431,161
blu2,57.047422,-135.304414,162
blu2,57.047782,-135.304408,163
blu2,57.04872,-135.30441,164
blu2,57.048971,-135.304403,165
blu2,57.049689,-135.304393,166
blu2,57.049926,-135.304383,167
blu2,57.050155,-135.304386,168
blu2,57.050154,-135.304487,169
blu2,57.050153,-135.304623,170
blu2,57.050121,-135.304687,171
blu2,57.049962,-135.304687,172
blu2,57.049941,-135.304636,173
blu2,57.049926,-135.304484,174
blu2,57.04969,-135.304493,175
blu2,57.048972,-135.304503,176
blu2,57.048721,-135.304511,177
blu2,57.047782,-135.304509,178
blu2,57.047424,-135.304514,179
blu2,57.047258,-135.30453,180
blu2,57.047163,-135.304566,181
blu2,57.047131,-135.304578,182
blu2,57.047114,-135.304574,183
blu2,57.0471,-135.304546,184
blu2,57.046844,-135.303371,185
blu2,57.046659,-135.302522,186
blu2,57.046629,-135.302338,187
blu2,57.046605,-135.302137,188
blu2,57.046591,-135.30188,189
blu2,57.046599,-135.30158,190
blu2,57.046624,-135.301277,191
blu2,57.046679,-135.300932,192
blu2,57.046788,-135.300556,193
blu2,57.04691,-135.300223,194
blu2,57.047167,-135.299453,195
blu2,57.047253,-135.299197,196
blu2,57.047365,-135.298653,197
blu2,57.047416,-135.298273,198
blu2,57.047443,-135.297746,199
blu2,57.047468,-135.29684,200
blu2,57.047493,-135.295821,201
blu2,57.047477,-135.295465,202
blu2,57.047451,-135.295167,203
blu2,57.047406,-135.294826,204
blu2,57.047338,-135.29448,205
blu2,57.047231,-135.293964,206
blu2,57.047162,-135.293719,207
blu2,57.047059,-135.293352,208
blu2,57.046979,-135.292985,209
blu2,57.046929,-135.292607,210
blu2,57.046904,-135.292231,211
blu2,57.046864,-135.291503,212
blu2,57.046816,-135.290461,213
blu2,57.046789,-135.289899,214
blu2,57.046767,-135.289538,215
blu2,57.046741,-135.28916,216
blu2,57.046701,-135.28887,217
blu2,57.046632,-135.288403,218
blu2,57.046578,-135.28814,219
blu2,57.046412,-135.287265,220
blu2,57.046237,-135.286405,221
blu2,57.046077,-135.285838,222
blu2,57.045894,-135.285389,223
blu2,57.045796,-135.285209,224
blu2,57.045568,-135.284844,225
blu2,57.045246,-135.28438,226
blu2,57.04482,-135.283779,227
blu2,57.044605,-135.283466,228
blu2,57.044399,-135.283173,229
blu2,57.044096,-135.282755,230
blu2,57.043947,-135.282523,231
blu2,57.043864,-135.282379,232
blu2,57.043797,-135.282248,233
blu2,57.043683,-135.281995,234
blu2,57.043616,-135.281833,235
blu2,57.043553,-135.281673,236
blu2,57.043482,-135.281432,237
blu2,57.043392,-135.281068,238
blu2,57.043319,-135.280621,239
blu2,57.043255,-135.28027,240
blu2,57.043165,-135.279755,241
blu2,57.0431,-135.27942,242
blu2,57.04304,-135.279113,243
blu2,57.042883,-135.278487,244
blu2,57.042815,-135.278246,245
blu2,57.042731,-135.277941,246
blu2,57.042444,-135.276985,247
blu2,57.042314,-135.276559,248
blu2,57.042193,-135.27625,249
blu2,57.042114,-135.276076,250
blu2,57.041959,-135.275798,251
blu2,57.041868,-135.275696,252
blu2,57.041677,-135.275547,253
blu2,57.041299,-135.275312,254
blu2,57.041132,-135.275188,255
blu2,57.041004,-135.27506,256
blu2,57.04088,-135.274871,257
blu2,57.040733,-135.27459,258
blu2,57.04059,-135.2742,259
blu2,57.040445,-135.273723,260
blu2,57.040197,-135.272906,261
blu2,57.040118,-135.272517,262
blu2,57.040045,-135.272132,263
blu2,57.040011,-135.271826,264
blu2,57.04,-135.271503,265
blu2,57.040009,-135.271192,266
blu2,57.040024,-135.271015,267
blu2,57.040087,-135.270721,268
blu2,57.04015,-135.270533,269
blu2,57.040253,-135.270225,270
blu2,57.040391,-135.269926,271
blu2,57.040533,-135.269628,272
blu2,57.040601,-135.269468,273
blu2,57.040632,-135.269334,274
blu2,57.040665,-135.269148,275
blu2,57.040674,-135.26891,276
blu2,57.040669,-135.26867,277
blu2,57.040638,-135.268373,278
blu2,57.040597,-135.26802,279
blu2,57.040587,-135.267626,280
blu2,57.040601,-135.267384,281
blu2,57.040641,-135.267156,282
blu2,57.040716,-135.266931,283
blu2,57.040813,-135.266729,284
blu2,57.040902,-135.26659,285
blu2,57.041218,-135.266204,286
blu2,57.041327,-135.266048,287
blu2,57.041418,-135.265851,288
blu2,57.041475,-135.265654,289
blu2,57.04152,-135.265411,290
blu2,57.041529,-135.265186,291
blu2,57.041505,-135.26494,292
blu2,57.041435,-135.264663,293
blu2,57.041309,-135.264356,294
blu2,57.041043,-135.263743,295
blu2,57.040738,-135.262982,296
blu2,57.040379,-135.262114,297
blu2,57.040182,-135.261601,298
blu2,57.040015,-135.261181,299
blu2,57.039826,-135.260707,300
blu2,57.039628,-135.260211,301
blu2,57.039483,-135.259811,302
blu2,57.039157,-135.258641,303
blu2,57.038817,-135.2574,304
blu2,57.03873,-135.257116,305
blu2,57.038675,-135.256966,306
blu2,57.038603,-135.256807,307
blu2,57.03846,-135.256544,308
blu2,57.038275,-135.256254,309
blu2,57.038012,-135.255955,310
blu2,57.037762,-135.255685,311
blu2,57.037514,-135.255421,312
blu2,57.037207,-135.255156,313
blu2,57.036668,-135.254732,314
blu2,57.036298,-135.254498,315
blu2,57.036033,-135.254344,316
blu2,57.03579,-135.254171,317
blu2,57.035462,-135.25386,318
blu2,57.035106,-135.253515,319
blu2,57.034913,-135.253332,320
blu2,57.034695,-135.253174,321
blu2,57.034538,-135.253108,322
blu2,57.034329,-135.253077,323
blu2,57.034134,-135.253046,324
blu2,57.03397,-135.253016,325
blu2,57.033839,-135.25297,326
blu2,57.033762,-135.252919,327
blu2,57.03374,-135.25306,328
blu2,57.033707,-135.253106,329
blu2,57.033579,-135.253018,330
blu2,57.033447,-135.252857,331
blu2,57.033427,-135.252784,332
blu2,57.033447,-135.252727,333
blu2,57.033491,-135.252624,334
blu2,57.033376,-135.252413,335
blu2,57.033285,-135.2521,336
blu2,57.033217,-135.251722,337
blu2,57.033174,-135.251292,338
blu2,57.033152,-135.250916,339
blu2,57.033121,-135.250502,340
blu2,57.033094,-135.249979,341
blu2,57.033106,-135.249739,342
blu2,57.033131,-135.249544,343
blu2,57.033163,-135.249367,344
blu2,57.033199,-135.249237,345
blu2,57.033255,-135.249126,346
blu2,57.033333,-135.249011,347
blu2,57.033466,-135.248833,348
blu2,57.033613,-135.24868,349
blu2,57.033755,-135.248574,350
blu2,57.03389,-135.248462,351
blu2,57.033992,-135.248359,352
blu2,57.034049,-135.248281,353
blu2,57.034118,-135.24816,354
blu2,57.034222,-135.24798,355
blu2,57.034349,-135.247688,356
blu2,57.034441,-135.247499,357
blu2,57.034519,-135.247332,358
blu2,57.034594,-135.247218,359
blu2,57.034662,-135.247132,360
blu2,57.034736,-135.247067,361
blu2,57.0349,-135.246988,362
blu2,57.035159,-135.246955,363
blu2,57.035296,-135.246931,364
blu2,57.035415,-135.246873,365
blu2,57.035467,-135.246845,366
blu2,57.035553,-135.246764,367
blu2,57.035598,-135.246693,368
blu2,57.03564,-135.246601,369
blu2,57.035719,-135.246395,370
blu2,57.035823,-135.245975,371
blu2,57.035897,-135.245706,372
blu2,57.035967,-135.245441,373
blu2,57.036065,-135.245116,374
blu2,57.036166,-135.24485,375
blu2,57.036282,-135.244608,376
blu2,57.036433,-135.244382,377
blu2,57.036646,-135.244053,378
blu2,57.036802,-135.243793,379
blu2,57.036934,-135.243533,380
blu2,57.037039,-135.243297,381
blu2,57.037145,-135.24303,382
blu2,57.037295,-135.242663,383
blu2,57.037396,-135.242382,384
blu2,57.037467,-135.242202,385
blu2,57.037573,-135.242008,386
blu2,57.037675,-135.241885,387
blu2,57.037969,-135.241769,388
blu2,57.038151,-135.241663,389
blu2,57.0383,-135.241537,390
blu2,57.038396,-135.241423,391
blu2,57.038473,-135.241281,392
blu2,57.038521,-135.241153,393
blu2,57.03856,-135.241011,394
blu2,57.038585,-135.240691,395
blu2,57.038567,-135.240098,396
blu2,57.038561,-135.239694,397
blu2,57.038554,-135.239433,398
blu2,57.038577,-135.239173,399
blu2,57.03862,-135.239003,400
blu2,57.038683,-135.238823,401
blu2,57.038769,-135.238616,402
blu2,57.038875,-135.238432,403
blu2,57.039223,-135.23797,404
blu2,57.039627,-135.237462,405
blu2,57.03992,-135.237085,406
blu2,57.040039,-135.236941,407
blu2,57.040148,-135.23677,408
blu2,57.040295,-135.236555,409
blu2,57.040385,-135.236317,410
blu2,57.040464,-135.236048,411
blu2,57.040499,-135.235671,412
blu2,57.040522,-135.235375,413
blu2,57.040577,-135.235133,414
blu2,57.040635,-135.234913,415
blu2,57.040703,-135.234678,416
blu2,57.040788,-135.234458,417
blu2,57.041176,-135.233801,418
blu2,57.041238,-135.233694,419
blu2,57.041388,-135.233448,420
blu2,57.041549,-135.233241,421
blu2,57.041755,-135.233059,422
blu2,57.04188,-135.233003,423
blu2,57.042062,-135.232956,424
blu2,57.042248,-135.232908,425
blu2,57.04257,-135.232892,426
blu2,57.042817,-135.232831,427
blu2,57.04301,-135.232738,428
blu2,57.043314,-135.232562,429
blu2,57.043865,-135.23219,430
blu2,57.04404,-135.232168,431
blu2,57.044332,-135.232213,432
blu2,57.04473,-135.232334,433
blu2,57.045092,-135.232347,434
blu2,57.045368,-135.232312,435
blu2,57.04578,-135.232243,436
blu2,57.046159,-135.23224,437
blu2,57.046383,-135.232275,438
blu2,57.046704,-135.232391,439
blu2,57.046791,-135.232452,440
blu2,57.046987,-135.232573,441
grn1,57.049036,-135.348442,0
grn1,57.048989,-135.348165,1
grn1,57.049028,-135.348074,2
grn1,57.049147,-135.347984,3
grn1,57.049076,-135.347637,4
grn1,57.049016,-135.347392,5
grn1,57.048947,-135.347177,6
grn1,57.048859,-135.346946,7
grn1,57.048776,-135.346773,8
grn1,57.048687,-135.346609,9
grn1,57.048582,-135.346454,10
grn1,57.048474,-135.34631,11
grn1,57.048345,-135.346144,12
grn1,57.048245,-135.346011,13
grn1,57.048141,-135.345873,14
grn1,57.048039,-135.345707,15
grn1,57.047945,-135.345531,16
grn1,57.047856,-135.345321,17
grn1,57.047791,-135.345116,18
grn1,57.04775,-135.344903,19
grn1,57.047706,-135.344628,20
grn1,57.047686,-135.344354,21
grn1,57.047681,-135.343994,22
grn1,57.047773,-135.341946,23
grn1,57.047966,-135.337919,24
grn1,57.047989,-135.337481,25
grn1,57.048028,-135.337211,26
grn1,57.048105,-135.336865,27
grn1,57.048183,-135.336656,28
grn1,57.04829,-135.336438,29
grn1,57.048389,-135.336273,30
grn1,57.048567,-135.336031,31
grn1,57.048813,-135.335734,32
grn1,57.04904,-135.335438,33
grn1,57.049096,-135.335351,34
grn1,57.049108,-135.335344,35
grn1,57.049119,-135.335353,36
grn1,57.049189,-135.335529,37
grn1,57.049197,-135.335573,38
grn1,57.04921,-135.335716,39
grn1,57.049203,-135.335832,40
grn1,57.04917,-135.33592,41
grn1,57.049125,-135.336024,42
grn1,57.049033,-135.336112,43
grn1,57.048642,-135.33647,44
grn1,57.048518,-135.336579,45
grn1,57.048443,-135.336675,46
grn1,57.048384,-135.336805,47
grn1,57.048338,-135.336954,48
grn1,57.048266,-135.337271,49
grn1,57.048186,-135.337671,50
grn1,57.048184,-135.337876,51
grn1,57.048193,-135.338044,52
grn1,57.048212,-135.338146,53
grn1,57.048257,-135.338301,54
grn1,57.048326,-135.338442,55
grn1,57.048442,-135.338579,56
grn1,57.048934,-135.339169,57
grn1,57.049176,-135.338384,58
grn1,57.049223,-135.338235,59
grn1,57.049228,-135.338222,60
grn1,57.049244,-135.338209,61
grn1,57.04926,-135.338216,62
grn1,57.049935,-135.338893,63
grn1,57.050004,-135.338964,64
grn1,57.050062,-135.339056,65
grn1,57.050114,-135.339152,66
grn1,57.050255,-135.339426,67
grn1,57.050368,-135.339687,68
grn1,57.050462,-135.339916,69
grn1,57.050568,-135.340161,70
grn1,57.050658,-135.340381,71
grn1,57.050759,-135.340601,72
grn1,57.050881,-135.340811,73
grn1,57.050972,-135.340936,74
grn1,57.051161,-135.341123,75
grn1,57.051332,-135.341279,76
grn1,57.051428,-135.341401,77
grn1,57.051485,-135.341496,78
grn1,57.051589,-135.34167,79
grn1,57.051758,-135.341943,80
grn1,57.051883,-135.342122,81
grn1,57.052005,-135.342233,82
grn1,57.0523,-135.342436,83
grn1,57.052361,-135.342485,84
grn1,57.052417,-135.342539,85
grn1,57.05247,-135.342608,86
grn1,57.05251,-135.342677,87
grn1,57.052559,-135.342773,88
grn1,57.052594,-135.342881,89
grn1,57.052628,-135.34299,90
grn1,57.052707,-135.343323,91
grn1,57.052776,-135.343667,92
grn1,57.052855,-135.343917,93
grn1,57.053034,-135.344294,94
grn1,57.053102,-135.344439,95
grn1,57.053221,-135.344679,96
grn1,57.053395,-135.344992,97
grn1,57.053458,-135.345113,98
grn1,57.053527,-135.345214,99
grn1,57.053629,-135.345342,100
grn1,57.053839,-135.345589,101
grn1,57.054034,-135.345809,102
grn1,57.054173,-135.345957,103
grn1,57.054356,-135.346131,104
grn1,57.054466,-135.346254,105
grn1,57.054588,-135.346425,106
grn1,57.054661,-135.346536,107
grn1,57.054776,-135.34677,108
grn1,57.05488,-135.347001,109
grn1,57.055054,-135.347384,110
grn1,57.055211,-135.347617,111
grn1,57.055349,-135.347772,112
grn1,57.055544,-135.347929,113
grn1,57.055676,-135.347999,114
grn1,57.055717,-135.348008,115
grn1,57.055799,-135.348033,116
grn1,57.055912,-135.348047,117
grn1,57.056009,-135.348048,118
grn1,57.056124,-135.348045,119
grn1,57.056252,-135.347999,120
grn1,57.056398,-135.347922,121
grn1,57.056638,-135.347695,122
grn1,57.056606,-135.34747,123
grn1,57.056779,-135.347253,124
grn1,57.05691,-135.347388,125
grn1,57.056986,-135.347304,126
grn1,57.0571,-135.347171,127
grn1,57.05733,-135.346924,128
grn1,57.057554,-135.346685,129
grn1,57.057859,-135.346364,130
grn1,57.057919,-135.346283,131
grn1,57.058006,-135.346152,132
grn1,57.057909,-135.346044,133
grn1,57.057341,-135.345432,134
grn1,57.056778,-135.344748,135
grn1,57.056695,-135.344632,136
grn1,57.056586,-135.34448,137
grn1,57.056441,-135.344241,138
grn1,57.056312,-135.343992,139
grn1,57.0561,-135.343547,140
grn1,57.05588,-135.342933,141
grn1,57.055542,-135.34185,142
grn1,57.055442,-135.341538,143
grn1,57.055269,-135.340961,144
grn1,57.055058,-135.340088,145
grn1,57.055014,-135.339814,146
grn1,57.054927,-135.339027,147
grn1,57.054863,-135.338528,148
grn1,57.0548,-135.338243,149
grn1,57.054723,-135.337964,150
grn1,57.054657,-135.337797,151
grn1,57.054544,-135.33753,152
grn1,57.053509,-135.335264,153
grn1,57.053385,-135.335038,154
grn1,57.0533,-135.334907,155
grn1,57.053176,-135.334785,156
grn1,57.053147,-135.334755,157
grn1,57.053124,-135.334711,158
grn1,57.053107,-135.334658,159
grn1,57.053096,-135.334568,160
grn1,57.053105,-135.334477,161
grn1,57.05312,-135.334423,162
grn1,57.053156,-135.334358,163
grn1,57.053186,-135.334331,164
grn1,57.053251,-135.334204,165
grn1,57.053304,-135.334023,166
grn1,57.053333,-135.333801,167
grn1,57.053379,-135.333448,168
grn1,57.053493,-135.332613,169
grn1,57.053541,-135.332261,170
grn1,57.053694,-135.331066,171
grn1,57.053732,-135.330773,172
grn1,57.05379,-135.330333,173
grn1,57.054229,-135.327051,174
grn1,57.054282,-135.326683,175
grn1,57.054093,-135.324749,176
grn1,57.054051,-135.324326,177
grn1,57.054025,-135.324035,178
grn1,57.053964,-135.323215,179
grn1,57.053924,-135.322583,180
grn1,57.053847,-135.321584,181
grn1,57.053774,-135.321072,182
grn1,57.053775,-135.321035,183
grn1,57.053788,-135.321011,184
grn1,57.053933,-135.32088,185
grn1,57.053965,-135.320818,186
grn1,57.053991,-135.320727,187
grn1,57.054302,-135.318832,188
grn1,57.054454,-135.318019,189
grn1,57.054536,-135.317578,190
grn1,57.054703,-135.316635,191
grn1,57.054807,-135.315934,192
grn1,57.054868,-135.315483,193
grn1,57.054923,-135.314941,194
grn1,57.055019,-135.313942,195
grn1,57.055079,-135.313331,196
grn1,57.055129,-135.312889,197
grn1,57.055176,-135.312586,198
grn1,57.055223,-135.312413,199
grn1,57.055281,-135.312235,200
grn1,57.055352,-135.312075,201
grn1,57.05543,-135.311914,202
grn1,57.055675,-135.311485,203
grn1,57.055662,-135.311454,204
grn1,57.055585,-135.311266,205
grn1,57.055522,-135.311196,206
grn1,57.055401,-135.311236,207
grn1,57.055306,-135.311269,208
grn1,57.055249,-135.311258,209
grn1,57.055191,-135.311145,210
grn1,57.055189,-135.311086,211
grn1,57.055194,-135.311017,212
grn1,57.055211,-135.310958,213
grn1,57.055239,-135.310933,214
grn1,57.05529,-135.310923,215
grn1,57.055341,-135.310931,216
grn1,57.055399,-135.310952,217
grn1,57.055455,-135.310982,218
grn1,57.055494,-135.311019,219
grn1,57.055628,-135.311204,220
grn2,57.055628,-135.311204,0
grn2,57.055733,-135.31146,1
grn2,57.055737,-135.311473,2
grn2,57.055738,-135.311502,3
grn2,57.05573,-135.311527,4
grn2,57.055469,-135.311985,5
grn2,57.055394,-135.312141,6
grn2,57.055327,-135.31229,7
grn2,57.055228,-135.312618,8
grn2,57.055182,-135.312914,9
grn2,57.055133,-135.313349,10
grn2,57.055073,-135.31396,11
grn2,57.054977,-135.314959,12
grn2,57.054922,-135.315503,13
grn2,57.05486,-135.315959,14
grn2,57.054756,-135.316665,15
grn2,57.054588,-135.317609,16
grn2,57.054354,-135.318864,17
grn2,57.054041,-135.320769,18
grn2,57.054007,-135.320882,19
grn2,57.053962,-135.320966,20
grn2,57.053832,-135.321083,21
grn2,57.053901,-135.321567,22
grn2,57.053979,-135.322571,23
grn2,57.054019,-135.323202,24
grn2,57.054074,-135.32395,25
grn2,57.054105,-135.324309,26
grn2,57.054337,-135.326676,27
grn2,57.054336,-135.326698,28
grn2,57.054282,-135.327076,29
grn2,57.053791,-135.330746,30
grn2,57.053776,-135.33078,31
grn2,57.053759,-135.330783,32
grn2,57.053732,-135.330773,33
grn2,57.053137,-135.330539,34
grn2,57.053013,-135.330492,35
grn2,57.052656,-135.330355,36
grn2,57.052173,-135.330176,37
grn2,57.051961,-135.330112,38
grn2,57.051634,-135.330008,39
grn2,57.051308,-135.329927,40
grn2,57.051299,-135.330112,41
grn2,57.05127,-135.330557,42
grn2,57.051204,-135.331281,43
grn2,57.051181,-135.331491,44
grn2,57.051164,-135.331644,45
grn2,57.05111,-135.331628,46
grn2,57.05105,-135.331613,47
grn2,57.050922,-135.331587,48
grn2,57.050878,-135.332175,49
grn2,57.050642,-135.332186,50
grn2,57.050409,-135.332197,51
grn2,57.050358,-135.332174,52
grn2,57.050309,-135.332113,53
grn2,57.05024,-135.332264,54
grn2,57.05027,-135.332296,55
grn2,57.050323,-135.332388,56
grn2,57.050372,-135.33251,57
grn2,57.050396,-135.332575,58
grn2,57.050415,-135.332656,59
grn2,57.050328,-135.332719,60
grn2,57.050236,-135.332819,61
grn2,57.050153,-135.332941,62
grn2,57.050096,-135.333046,63
grn2,57.050017,-135.333203,64
grn2,57.049901,-135.333529,65
grn2,57.049838,-135.333715,66
grn2,57.049738,-135.334001,67
grn2,57.049526,-135.334612,68
grn2,57.049483,-135.334717,69
grn2,57.049272,-135.335171,70
grn2,57.049247,-135.335226,71
grn2,57.049206,-135.335312,72
grn2,57.049076,-135.335514,73
grn2,57.048844,-135.335817,74
grn2,57.048598,-135.336114,75
grn2,57.048422,-135.336352,76
grn2,57.048328,-135.33651,77
grn2,57.048228,-135.336716,78
grn2,57.048151,-135.336918,79
grn2,57.04808,-135.337246,80
grn2,57.048044,-135.337494,81
grn2,57.04802,-135.337928,82
grn2,57.047828,-135.341954,83
grn2,57.047736,-135.343994,84
grn2,57.047741,-135.344349,85
grn2,57.04776,-135.344611,86
grn2,57.047801,-135.344871,87
grn2,57.047842,-135.345078,88
grn2,57.0479,-135.345262,89
grn2,57.047985,-135.345463,90
grn2,57.048077,-135.345635,91
grn2,57.048176,-135.345796,92
grn2,57.048277,-135.34593,93
grn2,57.048376,-135.346062,94
grn2,57.048505,-135.346228,95
grn2,57.048615,-135.346373,96
grn2,57.048723,-135.346533,97
grn2,57.048817,-135.346705,98
grn2,57.048901,-135.346882,99
grn2,57.048994,-135.347125,100
grn2,57.049066,-135.347348,101
grn2,57.049126,-135.347598,102
grn2,57.049188,-135.347902,103
grn2,57.04931,-135.347815,104
grn2,57.049424,-135.347753,105
grn2,57.049564,-135.347717,106
grn2,57.04967,-135.347718,107
grn2,57.049747,-135.347747,108
grn2,57.049838,-135.347803,109
grn2,57.049919,-135.347879,110
grn2,57.050026,-135.348009,111
grn2,57.050459,-135.348535,112
grn2,57.050651,-135.348761,113
grn2,57.050743,-135.348835,114
grn2,57.050868,-135.348898,115
grn2,57.050937,-135.348915,116
grn2,57.051049,-135.3489,117
grn2,57.051195,-135.348863,118
grn2,57.051325,-135.348863,119
grn2,57.051404,-135.348883,120
grn2,57.051481,-135.348949,121
grn2,57.051578,-135.349047,122
grn2,57.052129,-135.350059,123
grn2,57.052298,-135.350369,124
grn2,57.052428,-135.35061,125
grn2,57.052158,-135.351093,126
grn2,57.052029,-135.350858,127
grn2,57.051973,-135.350743,128
grn2,57.05195,-135.350628,129
grn2,57.051987,-135.350342,130
grn2,57.052092,-135.350132,131
grn2,57.051543,-135.349123,132
grn2,57.051456,-135.349038,133
grn2,57.051385,-135.348978,134
grn2,57.05132,-135.348964,135
grn2,57.0512,-135.348963,136
grn2,57.051054,-135.349,137
grn2,57.050938,-135.349016,138
grn2,57.050859,-135.348997,139
grn2,57.050726,-135.348931,140
grn2,57.050627,-135.348851,141
grn2,57.050429,-135.34862,142
grn2,57.050345,-135.348517,143
grn2,57.049996,-135.348093,144
grn2,57.04989,-135.347965,145
grn2,57.049815,-135.347894,146
grn2,57.049731,-135.347843,147
grn2,57.049662,-135.347817,148
grn2,57.049566,-135.347817,149
grn2,57.049437,-135.34785,150
grn2,57.049327,-135.347911,151
grn2,57.049207,-135.347996,152
grn2,57.04931,-135.348515,153
grn2,57.049327,-135.348608,154
grn2,57.049464,-135.349323,155
grn2,57.049535,-135.349665,156
grn2,57.049608,-135.350056,157
grn2,57.04968,-135.350426,158
grn2,57.049713,-135.350661,159
grn2,57.049738,-135.35087,160
grn2,57.049754,-135.351026,161
grn2,57.04976,-135.351174,162
grn2,57.049763,-135.351391,163
grn2,57.049757,-135.351638,164
grn2,57.049742,-135.351942,165
grn2,57.049702,-135.352282,166
grn2,57.049645,-135.352596,167
grn2,57.04958,-135.35286,168
grn2,57.049501,-135.35311,169
grn2,57.049373,-135.353443,170
grn2,57.049243,-135.353755,171
grn2,57.049365,-135.353967,172
grn2,57.049434,-135.354141,173
grn2,57.049483,-135.354336,174
grn2,57.049557,-135.354718,175
grn2,57.049616,-135.354958,176
grn2,57.04969,-135.355199,177
grn2,57.049789,-135.355427,178
grn2,57.049904,-135.355625,179
grn2,57.050044,-135.355798,180
grn2,57.050168,-135.355913,181
grn2,57.050331,-135.356014,182
grn2,57.050468,-135.356083,183
grn2,57.050681,-135.356179,184
grn2,57.050972,-135.356299,185
grn2,57.051087,-135.356333,186
grn2,57.051277,-135.356339,187
grn2,57.051991,-135.356097,188
grn2,57.051979,-135.355957,189
grn2,57.051966,-135.355729,190
grn2,57.051979,-135.355595,191
grn2,57.052033,-135.355466,192
grn2,57.052114,-135.355321,193
grn2,57.052151,-135.355297,194
grn2,57.052344,-135.355303,195
grn2,57.052501,-135.355316,196
grn2,57.052554,-135.355375,197
grn2,57.052609,-135.355479,198
grn2,57.052488,-135.355717,199
grn2,57.052326,-135.355965,200
grn2,57.052208,-135.356093,201
grn2,57.052093,-135.356162,202
grn2,57.052001,-135.356197,203
grn2,57.051279,-135.356439,204
grn2,57.051081,-135.356433,205
grn2,57.050963,-135.356398,206
grn2,57.050669,-135.356277,207
grn2,57.050454,-135.35618,208
grn2,57.050316,-135.35611,209
grn2,57.050148,-135.356007,210
grn2,57.050015,-135.355883,211
grn2,57.049872,-135.355706,212
grn2,57.049748,-135.355492,213
grn2,57.049643,-135.355252,214
grn2,57.049566,-135.355001,215
grn2,57.049505,-135.354753,216
grn2,57.049432,-135.354372,217
grn2,57.049385,-135.354188,218
grn2,57.049322,-135.35403,219
grn2,57.049187,-135.353797,220
grn2,57.049179,-135.353757,221
grn2,57.049184,-135.35373,222
grn2,57.049328,-135.353385,223
grn2,57.049454,-135.353057,224
grn2,57.049532,-135.352812,225
grn2,57.049593,-135.352562,226
grn2,57.049649,-135.352253,227
grn2,57.049688,-135.351923,228
grn2,57.049702,-135.35163,229
grn2,57.049708,-135.351389,230
grn2,57.049705,-135.35118,231
grn2,57.0497,-135.351036,232
grn2,57.049684,-135.35089,233
grn2,57.049659,-135.350685,234
grn2,57.049628,-135.350457,235
grn2,57.049556,-135.350089,236
grn2,57.049484,-135.3497,237
grn2,57.049412,-135.349357,238
grn2,57.049275,-135.348641,239
grn2,57.049259,-135.348549,240
grn2,57.049146,-135.348631,241
grn2,57.049098,-135.348639,242
grn2,57.049036,-135.348442,243
red1,57.127712,-135.380158,0
red1,57.127379,-135.380878,1
red1,57.126834,-135.381959,2
red1,57.12674,-135.382175,3
red1,57.126642,-135.382433,4
red1,57.126567,-135.382709,5
red1,57.126506,-135.383,6
red1,57.12645,-135.383337,7
red1,57.126409,-135.383681,8
red1,57.126404,-135.384018,9
red1,57.126419,-135.384369,10
red1,57.126495,-135.385382,11
red1,57.126586,-135.385933,12
red1,57.126656,-135.386474,13
red1,57.126682,-135.386797,14
red1,57.126694,-135.387071,15
red1,57.126681,-135.387369,16
red1,57.126657,-135.387642,17
red1,57.126604,-135.388015,18
red1,57.126542,-135.388348,19
red1,57.126465,-135.388628,20
red1,57.126384,-135.38886,21
red1,57.126305,-135.389082,22
red1,57.126208,-135.389287,23
red1,57.126045,-135.389533,24
red1,57.125878,-135.389726,25
red1,57.125721,-135.38985,26
red1,57.125562,-135.389956,27
red1,57.125426,-135.390029,28
red1,57.125277,-135.390075,29
red1,57.125046,-135.390091,30
red1,57.124909,-135.390061,31
red1,57.124784,-135.390017,32
red1,57.124234,-135.389818,33
red1,57.123671,-135.389588,34
red1,57.123165,-135.389389,35
red1,57.122879,-135.38928,36
red1,57.12263,-135.389147,37
red1,57.122301,-135.388912,38
red1,57.121993,-135.388666,39
red1,57.121166,-135.387866,40
red1,57.120796,-135.387507,41
red1,57.120419,-135.387149,42
red1,57.120098,-135.38693,43
red1,57.119791,-135.386741,44
red1,57.119525,-135.386665,45
red1,57.119347,-135.386614,46
red1,57.118985,-135.386596,47
red1,57.118759,-135.386604,48
red1,57.118638,-135.386618,49
red1,57.118391,-135.386673,50
red1,57.117986,-135.386836,51
red1,57.117901,-135.386881,52
red1,57.117743,-135.386967,53
red1,57.117527,-135.38712,54
red1,57.117345,-135.3873,55
red1,57.117173,-135.387497,56
red1,57.11697,-135.387743,57
red1,57.116841,-135.387919,58
red1,57.116351,-135.388615,59
red1,57.115532,-135.389779,60
red1,57.115321,-135.39008,61
red1,57.1151,-135.390402,62
red1,57.114503,-135.391246,63
red1,57.114041,-135.391899,64
red1,57.113576,-135.392538,65
red1,57.113356,-135.392845,66
red1,57.112894,-135.393471,67
red1,57.112685,-135.393755,68
red1,57.112125,-135.394557,69
red1,57.111849,-135.394945,70
red1,57.111413,-135.395587,71
red1,57.111117,-135.395986,72
red1,57.111045,-135.396081,73
red1,57.110806,-135.396392,74
red1,57.110586,-135.396652,75
red1,57.110435,-135.396818,76
red1,57.110294,-135.396969,77
red1,57.11014,-135.39713,78
red1,57.109969,-135.397282,79
red1,57.109656,-135.397542,80
red1,57.109116,-135.397982,81
red1,57.108656,-135.39836,82
red1,57.107943,-135.398963,83
red1,57.107308,-135.399434,84
red1,57.106743,-135.399926,85
red1,57.106469,-135.400179,86
red1,57.10601,-135.400607,87
red1,57.105764,-135.400815,88
red1,57.105667,-135.400874,89
red1,57.105369,-135.401026,90
red1,57.105072,-135.401062,91
red1,57.104981,-135.401054,92
red1,57.104712,-135.400993,93
red1,57.104458,-135.400874,94
red1,57.104181,-135.400681,95
red1,57.103636,-135.400293,96
red1,57.10296,-135.399799,97
red1,57.102645,-135.399567,98
red1,57.102276,-135.399326,99
red1,57.101559,-135.398853,100
red1,57.101186,-135.398601,101
red1,57.100591,-135.398193,102
red1,57.100134,-135.397879,103
red1,57.099898,-135.397716,104
red1,57.099577,-135.397488,105
red1,57.099034,-135.397135,106
red1,57.09854,-135.396632,107
red1,57.098078,-135.396076,108
red1,57.097828,-135.395799,109
red1,57.097611,-135.39556,110
red1,57.097221,-135.395089,111
red1,57.096554,-135.394361,112
red1,57.096271,-135.394053,113
red1,57.096151,-135.393921,114
red1,57.095829,-135.393639,115
red1,57.095734,-135.393555,116
red1,57.094822,-135.392838,117
red1,57.094347,-135.392433,118
red1,57.093587,-135.391785,119
red1,57.093086,-135.391366,120
red1,57.092466,-135.390741,121
red1,57.091896,-135.390167,122
red1,57.091353,-135.389715,123
red1,57.090498,-135.38881,124
red1,57.090044,-135.388295,125
red1,57.089786,-135.387865,126
red1,57.089541,-135.387307,127
red1,57.089388,-135.386906,128
red1,57.089234,-135.386454,129
red1,57.088854,-135.385463,130
red1,57.088439,-135.384586,131
red1,57.08818,-135.384147,132
red1,57.087816,-135.383662,133
red1,57.087327,-135.383212,134
red1,57.086848,-135.382712,135
red1,57.086083,-135.381929,136
red1,57.085582,-135.381416,137
red1,57.085248,-135.381062,138
red1,57.084728,-135.380538,139
red1,57.084054,-135.379867,140
red1,57.083506,-135.379312,141
red1,57.082868,-135.378701,142
red1,57.081692,-135.377736,143
red1,57.081377,-135.377544,144
red1,57.080252,-135.376855,145
red1,57.079985,-135.376705,146
red1,57.079757,-135.376562,147
red1,57.07945,-135.376344,148
red1,57.079022,-135.37595,149
red1,57.078558,-135.375491,150
red1,57.078298,-135.375214,151
red1,57.077833,-135.374665,152
red1,57.077167,-135.373861,153
red1,57.076706,-135.373272,154
red1,57.076578,-135.373118,155
red1,57.075872,-135.37227,156
red1,57.07525,-135.371522,157
red1,57.073995,-135.369989,158
red1,57.073804,-135.369763,159
red1,57.0737,-135.36963,160
red1,57.073419,-135.36927,161
red1,57.07308,-135.368892,162
red1,57.072359,-135.368091,163
red1,57.072088,-135.367858,164
red1,57.071824,-135.367708,165
red1,57.071428,-135.367519,166
red1,57.07123,-135.367425,167
red1,57.070897,-135.367261,168
red1,57.070703,-135.367177,169
red1,57.070289,-135.366999,170
red1,57.069736,-135.366787,171
red1,57.069145,-135.366525,172
red1,57.069088,-135.366634,173
red1,57.069065,-135.366908,174
red1,57.068988,-135.367184,175
red1,57.068838,-135.3676,176
red1,57.068365,-135.367512,177
red1,57.068317,-135.367396,178
red1,57.068553,-135.366565,179
red1,57.068784,-135.366814,180
red1,57.068952,-135.367091,181
red1,57.069012,-135.366884,182
red1,57.069033,-135.366635,183
red1,57.069027,-135.36647,184
red1,57.068767,-135.36632,185
red1,57.06857,-135.366152,186
red1,57.068165,-135.365762,187
red1,57.06765,-135.365185,188
red1,57.067535,-135.365065,189
red1,57.067356,-135.364873,190
red1,57.067042,-135.364533,191
red1,57.066763,-135.364229,192
red1,57.066586,-135.364023,193
red1,57.066357,-135.363789,194
red1,57.066016,-135.363389,195
red1,57.065653,-135.362984,196
red1,57.065505,-135.362797,197
red1,57.065272,-135.362443,198
red1,57.06514,-135.362227,199
red1,57.064601,-135.361129,200
red1,57.064315,-135.360549,201
red1,57.064197,-135.360249,202
red1,57.06408,-135.359788,203
red1,57.063928,-135.358679,204
red1,57.063698,-135.356916,205
red1,57.063579,-135.356255,206
red1,57.063419,-135.35556,207
red1,57.063239,-135.354843,208
red1,57.062758,-135.353101,209
red1,57.062573,-135.352509,210
red1,57.06237,-135.351974,211
red1,57.062064,-135.351312,212
red1,57.061907,-135.351013,213
red1,57.061791,-135.350767,214
red1,57.061648,-135.350568,215
red1,57.061302,-135.350168,216
red1,57.06042,-135.349091,217
red1,57.059972,-135.348557,218
red1,57.059916,-135.348722,219
red1,57.059957,-135.348767,220
red1,57.060093,-135.348916,221
red1,57.059982,-135.349251,222
red1,57.059874,-135.349063,223
red1,57.059807,-135.348938,224
red1,57.059892,-135.348696,225
red1,57.059948,-135.348529,226
red1,57.059579,-135.348063,227
red1,57.05872,-135.347027,228
red1,57.05813,-135.346305,229
red1,57.057909,-135.346044,230
red1,57.057341,-135.345431,231
red1,57.057273,-135.345624,232
red1,57.05741,-135.345787,233
red1,57.057262,-135.346218,234
red1,57.057124,-135.346048,235
red1,57.057002,-135.345899,236
red1,57.056981,-135.345727,237
red1,57.056862,-135.34556,238
red1,57.056797,-135.345235,239
red1,57.056645,-135.345042,240
red1,57.056613,-135.344834,241
red1,57.056668,-135.34469,242
red1,57.056694,-135.344631,243
red1,57.056586,-135.34448,244
red1,57.056441,-135.344241,245
red1,57.056312,-135.343992,246
red1,57.0561,-135.343547,247
red1,57.05588,-135.342933,248
red1,57.055542,-135.34185,249
red1,57.055442,-135.341538,250
red1,57.055269,-135.340961,251
red1,57.055058,-135.340088,252
red1,57.055014,-135.339814,253
red1,57.054927,-135.339027,254
red1,57.054863,-135.338528,255
red1,57.0548,-135.338243,256
red1,57.054723,-135.337964,257
red1,57.054657,-135.337797,258
red1,57.054544,-135.33753,259
red1,57.053509,-135.335264,260
red1,57.053385,-135.335038,261
red1,57.0533,-135.334907,262
red1,57.053176,-135.334785,263
red1,57.053147,-135.334755,264
red1,57.053124,-135.334711,265
red1,57.053039,-135.334621,266
red1,57.052962,-135.334534,267
red1,57.052816,-135.334421,268
red1,57.052372,-135.334269,269
red1,57.052163,-135.334117,270
red1,57.052058,-135.333977,271
red1,57.051995,-135.333857,272
red1,57.051705,-135.333212,273
red1,57.051573,-135.332958,274
red1,57.051515,-135.332883,275
red1,57.051433,-135.332824,276
red1,57.051315,-135.332764,277
red1,57.051088,-135.33269,278
red1,57.051021,-135.332673,279
red1,57.050947,-135.332661,280
red1,57.05077,-135.332625,281
red1,57.050622,-135.33261,282
red1,57.050475,-135.332626,283
red1,57.050415,-135.332656,284
red1,57.050328,-135.332719,285
red1,57.050236,-135.332819,286
red1,57.050153,-135.332941,287
red1,57.050096,-135.333046,288
red1,57.050017,-135.333203,289
red1,57.049738,-135.334001,290
red1,57.049526,-135.334612,291
red1,57.049484,-135.334715,292
red1,57.049272,-135.335171,293
red1,57.049203,-135.335317,294
red1,57.049184,-135.335398,295
red1,57.049189,-135.335529,296
red1,57.04921,-135.335716,297
red1,57.049203,-135.335832,298
red1,57.04917,-135.33592,299
red1,57.049125,-135.336025,300
red1,57.048642,-135.33647,301
red1,57.048518,-135.336579,302
red1,57.048443,-135.336675,303
red1,57.048384,-135.336805,304
red1,57.048338,-135.336954,305
red1,57.048266,-135.337271,306
red1,57.048186,-135.337671,307
red1,57.048184,-135.337876,308
red1,57.048193,-135.338044,309
red1,57.048212,-135.338146,310
red1,57.048257,-135.338301,311
red1,57.048326,-135.338442,312
red1,57.048934,-135.339169,313
red1,57.049223,-135.338234,314
red1,57.049501,-135.33729,315
red1,57.04963,-135.336772,316
red1,57.049813,-135.335945,317
red1,57.049869,-135.335629,318
red1,57.049875,-135.335503,319
red1,57.04987,-135.335336,320
red1,57.04989,-135.335128,321
red1,57.04994,-135.334928,322
red1,57.049983,-135.334872,323
red1,57.050083,-135.334776,324
red1,57.050145,-135.334726,325
red1,57.050187,-135.334624,326
red1,57.050438,-135.334057,327
red1,57.050659,-135.333472,328
red1,57.050964,-135.332719,329
red1,57.051029,-135.332493,330
red1,57.05111,-135.331628,331
red1,57.05105,-135.331613,332
red1,57.050922,-135.331587,333
red1,57.050878,-135.332175,334
red1,57.050642,-135.332186,335
red2,57.050642,-135.332186,0
red2,57.050409,-135.332197,1
red2,57.050358,-135.332174,2
red2,57.050309,-135.332113,3
red2,57.05024,-135.332264,4
red2,57.05027,-135.332296,5
red2,57.050323,-135.332388,6
red2,57.050372,-135.33251,7
red2,57.050396,-135.332575,8
red2,57.050468,-135.332526,9
red2,57.05062,-135.33251,10
red2,57.050774,-135.332525,11
red2,57.050952,-135.332561,12
red2,57.051027,-135.332573,13
red2,57.051098,-135.33259,14
red2,57.051326,-135.332666,15
red2,57.051451,-135.33273,16
red2,57.051537,-135.332792,17
red2,57.051606,-135.332878,18
red2,57.051747,-135.333147,19
red2,57.052037,-135.333792,20
red2,57.052095,-135.333902,21
red2,57.052189,-135.334029,22
red2,57.052385,-135.334171,23
red2,57.052818,-135.33432,24
red2,57.053104,-135.334322,25
red2,57.053186,-135.334331,26
red2,57.053235,-135.334317,27
red2,57.053284,-135.334338,28
red2,57.053324,-135.334392,29
red2,57.053353,-135.334467,30
red2,57.053363,-135.334556,31
red2,57.053355,-135.334647,32
red2,57.053434,-135.334876,33
red2,57.053546,-135.335191,34
red2,57.054586,-135.337466,35
red2,57.054701,-135.337736,36
red2,57.05477,-135.337915,37
red2,57.054849,-135.3382,38
red2,57.054916,-135.338501,39
red2,57.054981,-135.339007,40
red2,57.055067,-135.339788,41
red2,57.055109,-135.340053,42
red2,57.055319,-135.340917,43
red2,57.05549,-135.341489,44
red2,57.055589,-135.341799,45
red2,57.055927,-135.342882,46
red2,57.056145,-135.343489,47
red2,57.056352,-135.343923,48
red2,57.05648,-135.34417,49
red2,57.056621,-135.344403,50
red2,57.056811,-135.344667,51
red2,57.05737,-135.345347,52
red2,57.057341,-135.345431,53
red2,57.057273,-135.345624,54
red2,57.05741,-135.345787,55
red2,57.057262,-135.346218,56
red2,57.057124,-135.346048,57
red2,57.057002,-135.345899,58
red2,57.056981,-135.345727,59
red2,57.056862,-135.34556,60
red2,57.056797,-135.345235,61
red2,57.056645,-135.345042,62
red2,57.056613,-135.344834,63
red2,57.056668,-135.34469,64
red2,57.056694,-135.344631,65
red2,57.056729,-135.344553,66
red2,57.056811,-135.344667,67
red2,57.05737,-135.345347,68
red2,57.057937,-135.345958,69
red2,57.058161,-135.346222,70
red2,57.05875,-135.346943,71
red2,57.059589,-135.347955,72
red2,57.05977,-135.347524,73
red2,57.06001,-135.347034,74
red2,57.060099,-135.346865,75
red2,57.059839,-135.345766,76
red2,57.060543,-135.343441,77
red2,57.060639,-135.343174,78
red2,57.060704,-135.343049,79
red2,57.060784,-135.34297,80
red2,57.061681,-135.342407,81
red2,57.061739,-135.341967,82
red2,57.061761,-135.341689,83
red2,57.062172,-135.341847,84
red2,57.062367,-135.341677,85
red2,57.062486,-135.341639,86
red2,57.062593,-135.341636,87
red2,57.062596,-135.341334,88
red2,57.062914,-135.341328,89
red2,57.062915,-135.341729,90
red2,57.062593,-135.341737,91
red2,57.062494,-135.341739,92
red2,57.06238,-135.341775,93
red2,57.062187,-135.341945,94
red2,57.062162,-135.341944,95
red2,57.061837,-135.341821,96
red2,57.061811,-135.341859,97
red2,57.061794,-135.341967,98
red2,57.06173,-135.342457,99
red2,57.061222,-135.345944,100
red2,57.061552,-135.346118,101
red2,57.061624,-135.346212,102
red2,57.061671,-135.346324,103
red2,57.061725,-135.346489,104
red2,57.061998,-135.347271,105
red2,57.06207,-135.347349,106
red2,57.062118,-135.347365,107
red2,57.062143,-135.347387,108
red2,57.062176,-135.347431,109
red2,57.062199,-135.347489,110
red2,57.062207,-135.347577,111
red2,57.0622,-135.347634,112
red2,57.06219,-135.347736,113
red2,57.062221,-135.347884,114
red2,57.063172,-135.350447,115
red2,57.063307,-135.350808,116
red2,57.064126,-135.353129,117
red2,57.064828,-135.355058,118
red2,57.066467,-135.359421,119
red2,57.066603,-135.359781,120
red2,57.066606,-135.359826,121
red2,57.066576,-135.359877,122
red2,57.065739,-135.360932,123
red2,57.065975,-135.361516,124
red2,57.066015,-135.361658,125
red2,57.066044,-135.361792,126
red2,57.066065,-135.361964,127
red2,57.06606,-135.362119,128
red2,57.06604,-135.362287,129
red2,57.066008,-135.362442,130
red2,57.065808,-135.363042,131
red2,57.066045,-135.363303,132
red2,57.066385,-135.363702,133
red2,57.066613,-135.363936,134
red2,57.066792,-135.364144,135
red2,57.06707,-135.364446,136
red2,57.067383,-135.364787,137
red2,57.067678,-135.365098,138
red2,57.068192,-135.365675,139
red2,57.068595,-135.366063,140
red2,57.068788,-135.366227,141
red2,57.069053,-135.366383,142
red2,57.069082,-135.366431,143
red2,57.069088,-135.366634,144
red2,57.069065,-135.366908,145
red2,57.068988,-135.367184,146
red2,57.068838,-135.3676,147
red2,57.068365,-135.367512,148
red2,57.068317,-135.367396,149
red2,57.068553,-135.366565,150
red2,57.068784,-135.366814,151
red2,57.068952,-135.367091,152
red2,57.069012,-135.366884,153
red2,57.069033,-135.366635,154
red2,57.069147,-135.366421,155
red2,57.069223,-135.366458,156
red2,57.069371,-135.366522,157
red2,57.069413,-135.36654,158
red2,57.069749,-135.366689,159
red2,57.070301,-135.366901,160
red2,57.070716,-135.367079,161
red2,57.07091,-135.367163,162
red2,57.071244,-135.367328,163
red2,57.071442,-135.367422,164
red2,57.071839,-135.367611,165
red2,57.072106,-135.367763,166
red2,57.072384,-135.368002,167
red2,57.073108,-135.368806,168
red2,57.073448,-135.369184,169
red2,57.073792,-135.369626,170
red2,57.073834,-135.369679,171
red2,57.074025,-135.369905,172
red2,57.07528,-135.371438,173
red2,57.075902,-135.372186,174
red2,57.076737,-135.373189,175
red2,57.076986,-135.373507,176
red2,57.077198,-135.373778,177
red2,57.077863,-135.37458,178
red2,57.078328,-135.375129,179
red2,57.078585,-135.375403,180
red2,57.079048,-135.37586,181
red2,57.079473,-135.376253,182
red2,57.079775,-135.376468,183
red2,57.080002,-135.376609,184
red2,57.080269,-135.37676,185
red2,57.081395,-135.377448,186
red2,57.081713,-135.377643,187
red2,57.082892,-135.378611,188
red2,57.083531,-135.379223,189
red2,57.08408,-135.379778,190
red2,57.084755,-135.38045,191
red2,57.085275,-135.380975,192
red2,57.085488,-135.381201,193
red2,57.085608,-135.381329,194
red2,57.086875,-135.382624,195
red2,57.087354,-135.383124,196
red2,57.087846,-135.383578,197
red2,57.088213,-135.384067,198
red2,57.088479,-135.384518,199
red2,57.088898,-135.385403,200
red2,57.08915,-135.386058,201
red2,57.08928,-135.386399,202
red2,57.089434,-135.386851,203
red2,57.089584,-135.387246,204
red2,57.089827,-135.387799,205
red2,57.090075,-135.388212,206
red2,57.090527,-135.388724,207
red2,57.091379,-135.389626,208
red2,57.09192,-135.390076,209
red2,57.092914,-135.391078,210
red2,57.09311,-135.391275,211
red2,57.09361,-135.391693,212
red2,57.094371,-135.392342,213
red2,57.094842,-135.392744,214
red2,57.095757,-135.393464,215
red2,57.096178,-135.393834,216
red2,57.096299,-135.393966,217
red2,57.096582,-135.394275,218
red2,57.09725,-135.395003,219
red2,57.097641,-135.395476,220
red2,57.097856,-135.395713,221
red2,57.098107,-135.39599,222
red2,57.098569,-135.396546,223
red2,57.099059,-135.397045,224
red2,57.099595,-135.397394,225
red2,57.099917,-135.397622,226
red2,57.10061,-135.398099,227
red2,57.101205,-135.398507,228
red2,57.101578,-135.398759,229
red2,57.102294,-135.399231,230
red2,57.102665,-135.399473,231
red2,57.102728,-135.399519,232
red2,57.10298,-135.399706,233
red2,57.103656,-135.400199,234
red2,57.1042,-135.400587,235
red2,57.104473,-135.400777,236
red2,57.104721,-135.400894,237
red2,57.104984,-135.400953,238
red2,57.105071,-135.400961,239
red2,57.105357,-135.400928,240
red2,57.105651,-135.400777,241
red2,57.105745,-135.40072,242
red2,57.105985,-135.400517,243
red2,57.106444,-135.400089,244
red2,57.106719,-135.399836,245
red2,57.107285,-135.399342,246
red2,57.10792,-135.398872,247
red2,57.108633,-135.398268,248
red2,57.109094,-135.39789,249
red2,57.109633,-135.397451,250
red2,57.109946,-135.397191,251
red2,57.110114,-135.397042,252
red2,57.110267,-135.396882,253
red2,57.110407,-135.396732,254
red2,57.110558,-135.396566,255
red2,57.110775,-135.39631,256
red2,57.111014,-135.395999,257
red2,57.111381,-135.395507,258
red2,57.111816,-135.394866,259
red2,57.112091,-135.394478,260
red2,57.11242,-135.394007,261
red2,57.112651,-135.393675,262
red2,57.112862,-135.39339,263
red2,57.113323,-135.392765,264
red2,57.113543,-135.392457,265
red2,57.114008,-135.391819,266
red2,57.114469,-135.391166,267
red2,57.115066,-135.390323,268
red2,57.115287,-135.390001,269
red2,57.115498,-135.389699,270
red2,57.116318,-135.388535,271
red2,57.116808,-135.387839,272
red2,57.116938,-135.387661,273
red2,57.117143,-135.387413,274
red2,57.117318,-135.387212,275
red2,57.117506,-135.387028,276
red2,57.117724,-135.386872,277
red2,57.117974,-135.386738,278
red2,57.118234,-135.386633,279
red2,57.118383,-135.386574,280
red2,57.118632,-135.386518,281
red2,57.118758,-135.386503,282
red2,57.118986,-135.386495,283
red2,57.119353,-135.386514,284
red2,57.119806,-135.386645,285
red2,57.120116,-135.386836,286
red2,57.12044,-135.387056,287
red2,57.120821,-135.387418,288
red2,57.121191,-135.387777,289
red2,57.122017,-135.388576,290
red2,57.122321,-135.388819,291
red2,57.122646,-135.389051,292
red2,57.122891,-135.389182,293
red2,57.123176,-135.389291,294
red2,57.123683,-135.389489,295
red2,57.124245,-135.38972,296
red2,57.124795,-135.389918,297
red2,57.124918,-135.389962,298
red2,57.12505,-135.389991,299
red2,57.125273,-135.389975,300
red2,57.125416,-135.38993,301
red2,57.125544,-135.389861,302
red2,57.125702,-135.389755,303
red2,57.125851,-135.389638,304
red2,57.126012,-135.389453,305
red2,57.126168,-135.389218,306
red2,57.12626,-135.389023,307
red2,57.126338,-135.388805,308
red2,57.126419,-135.388576,309
red2,57.126491,-135.388312,310
red2,57.126552,-135.387988,311
red2,57.126603,-135.387624,312
red2,57.126626,-135.387355,313
red2,57.126639,-135.387066,314
red2,57.126628,-135.386807,315
red2,57.126602,-135.386491,316
red2,57.126533,-135.385957,317
red2,57.126441,-135.3854,318
red2,57.126365,-135.384381,319
red2,57.12635,-135.384023,320
red2,57.126355,-135.383664,321
red2,57.126397,-135.383314,322
red2,57.126454,-135.382969,323
red2,57.126517,-135.382666,324
red2,57.126594,-135.382385,325
red2,57.126696,-135.382113,326
red2,57.126792,-135.381895,327
red2,57.127338,-135.380811,328
red2,57.12767,-135.380093,329
red2,57.127831,-135.379753,330
red2,57.127941,-135.379506,331
red2,57.128368,-135.380141,332
red2,57.128264,-135.380387,333
red2,57.127872,-135.379821,334
red2,57.127712,-135.380158,335